version: 1
creator: callgrind-3.11.0
pid: 26973
cmd:  ./readelf -h readelf
part: 1


desc: I1 cache: 
desc: D1 cache: 
desc: LL cache: 

desc: Timerange: Basic block 0 - 87919
desc: Trigger: Program termination

positions: line
events: Ir
summary: 401131


ob=(2) ???
fl=(16) ???
fn=(286) 0x00000000004015c8
0 6

fn=(350) 0x0000000004e638a0
0 68
cob=(3) /lib/x86_64-linux-gnu/libc-2.23.so
cfi=(89) /build/glibc-LK5gWL/glibc-2.23/malloc/malloc.c
cfn=(352) malloc
calls=68 2902 
0 70415

fn=(250) 0x0000000004c2bc58
0 6

fn=(1778) 0x000000000043b4f4
0 3

fn=(82) 0x0000000004000ab0
0 1
cob=(1) /lib/x86_64-linux-gnu/ld-2.23.so
cfi=(17) /build/glibc-LK5gWL/glibc-2.23/elf/dl-minimal.c
cfn=(84) free
calls=1 120 
0 6

fn=(386) 0x0000000004e638a8
0 43
cob=(3)
cfi=(89)
cfn=(388) free
calls=43 2934 
0 4274

fn=(1818) 0x0000000004c3c500
0 3

fn=(1808) 0x0000000004c2bda8
0 1
cob=(3)
cfi=(159) /build/glibc-LK5gWL/glibc-2.23/stdlib/cxa_finalize.c
cfn=(1788) __cxa_finalize
calls=1 31 
0 56

fn=(1786) 0x0000000004a28570
0 1
cob=(3)
cfi=(159)
cfn=(1788)
calls=1 31 
0 56

fn=(1800) 0x0000000004a287b8
0 3

fn=(216) 0x0000000004a28530
0 6

ob=(3)
fl=(131) /build/glibc-LK5gWL/glibc-2.23/intl/localealias.c
fn=(810) _nl_expand_alias
155 2
+6 1
-6 2
+6 1
-6 4
+6 4
+2 2
+9 6
+1 3
fi=(136) /build/glibc-LK5gWL/glibc-2.23/intl/../bits/stdlib-bsearch.h
36 2
+1 2
-8 4
+2 6
fe=(131)
413 12
fi=(136)
31 6
+1 18
fe=(131)
413 12
cfi=(75) /build/glibc-LK5gWL/glibc-2.23/string/../sysdeps/x86_64/multiarch/../strcmp.S
cfn=(862) __GI___strcasecmp_l
calls=6 118 
* 336
fi=(136)
34 12
+1 4
-6 8
fe=(131)
190 11
+4 3
+4 68
+2 32
-2 33
+2 2
-2 2
+4 2
-44 1
+50 4
+3 10
-8 2
cfn=(812) read_alias_file
calls=1 +14 
* 58721
-13 3
-26 3

fn=(812)
217 1
+6 1
+2 1
-2 1
-6 5
+6 1
-6 2
+6 3
+2 2
cfi=(97) /build/glibc-LK5gWL/glibc-2.23/string/../sysdeps/x86_64/memcpy.S
cfn=(382) __GI_mempcpy
calls=1 61 
* 27
* 4
cfi=(97)
cfn=(382)
calls=1 61 
* 27
+10 3
cfi=(111) /build/glibc-LK5gWL/glibc-2.23/libio/iofopen.c
cfn=(500) fopen@@GLIBC_2.2.5
calls=1 97 
* 537
+5 3
+5 3
+4 1
-4 1
+4 4
+15 4
cfi=(132) /build/glibc-LK5gWL/glibc-2.23/libio/iofgets_u.c
cfn=(814) fgets_unlocked
calls=1 37 
* 836
* 328
cfi=(132)
cfn=(814)
calls=82 37 
* 15837
* 166
+5 246
cfi=(86) /build/glibc-LK5gWL/glibc-2.23/string/../sysdeps/x86_64/multiarch/../strchr.S
cfn=(344) __GI_strchr
calls=82 24 
* 4301
* 82
+4 578
+1 4
-1 16
+4 320
+3 45
-1 45
+1 90
+1 288
-1 1530
-1 45
+5 45
+3 45
-3 45
+3 171
+1 36
-1 144
+1 124
-1 496
+3 90
+3 45
-1 45
+1 90
+1 630
-1 3915
+3 90
+5 45
+1 45
+16 180
+4 180
cfi=(77) /build/glibc-LK5gWL/glibc-2.23/string/../sysdeps/x86_64/strlen.S
cfn=(324) strlen
calls=45 66 
* 738
* 45
+1 45
-1 45
+1 45
cfi=(77)
cfn=(324)
calls=45 66 
* 1350
+2 90
-2 90
+2 536
+25 43
+1 86
-1 43
+1 43
+9 43
-10 43
+1 86
cfi=(98) /build/glibc-LK5gWL/glibc-2.23/string/../sysdeps/x86_64/multiarch/../memcpy.S
cfn=(384) __GI_memcpy
calls=43 61 
* 996
-1 2
+1 4
-1 2
+1 2
+9 2
-10 2
+1 4
cfi=(98)
cfn=(384)
calls=2 61 
* 45
+5 180
-6 45
+6 90
cfi=(98)
cfn=(384)
calls=45 61 
* 1182
+5 45
-6 45
+3 45
+3 45
-1 45
-2 45
+10 164
249 164
380 2
cfi=(134) /build/glibc-LK5gWL/glibc-2.23/libio/iofclose.c
cfn=(838) fclose@@GLIBC_2.2.5
calls=1 39 
* 528
* 1
+2 2
+1 5
cfi=(135) /build/glibc-LK5gWL/glibc-2.23/stdlib/msort.c
cfn=(854) qsort
calls=1 -75 
* 18433
* 1
+4 8
-59 2
+3 8
-3 10
+3 2
-3 2
+3 6
cfi=(89)
cfn=(828) realloc
calls=2 2974 
* 352
* 2
+1 4
+3 16
+4 2
+7 2
+1 6
+49 2
+1 4
cob=(1)
cfi=(67) /build/glibc-LK5gWL/glibc-2.23/elf/../sysdeps/x86_64/dl-trampoline.h
cfn=(273) _dl_runtime_resolve_xsave'2
calls=1 71 
* 932
* 5
+2 2
+4 1
+1 4
-8 3

fn=(860) alias_compare
413 480
cfi=(75)
cfn=(862)
calls=120 118 
* 6909

fl=(145) /build/glibc-LK5gWL/glibc-2.23/stdio-common/_itoa.c
fn=(910) _itoa_word
168 120
+2 98
+18 38
-8 243
-1 322
+9 22

fl=(62) /build/glibc-LK5gWL/glibc-2.23/string/../sysdeps/x86_64/cacheinfo.c
fn=(242) handle_intel
262 4
-1 4
+17 2
-17 12
+14 2
+1 4
-3 6
+23 8
cfn=(244) intel_check_word
calls=2 133 
* 666
+1 4
+3 10
cfn=(244)
calls=2 133 
* 238
+1 4
-17 4
+5 2
-5 6
+5 2
+2 2
+1 2
-1 4
+27 16

fn=(244)
133 8
+6 4
-7 20
+7 16
-7 4
+7 4
+2 4
-2 4
+2 4
+68 8
+3 24
-69 4
+2 8
-2 6
+2 12
+8 20
+51 16
+22 8
fi=(63) /build/glibc-LK5gWL/glibc-2.23/string/../bits/stdlib-bsearch.h
27 8
+1 16
+3 16
+1 8
fe=(62)
+89 16
fi=(63)
-90 12
+1 6
fe=(62)
+89 12
+3 54
fi=(63)
-95 44
+2 44
-2 44
+2 80
+1 40
fe=(62)
+89 80
251 8
141 16
-6 2
256 24
fi=(63)
37 10
-8 24
fe=(62)
165 6
+3 6
+4 4
+2 4
+1 14
+2 7
-12 2
+12 2
+1 10
+1 10
+1 6
+17 3
-32 9
+3 9
+4 6
+2 6
+1 12
+2 12
+5 2
+2 4
+2 32

fn=(240) init_cacheinfo
482 2
+12 1
-12 3
+12 3
+2 4
cfn=(242)
calls=1 262 
* 455
+4 2
-4 1
+4 1
cfn=(242)
calls=1 262 
* 547
+2 1
-2 1
-1 1
+3 1
+9 2
+2 1
+1 1
+2 1
+5 2
+9 4
-9 4
+9 16
-9 12
+6 8
+69 4
+1 5
+55 2
+2 1
+1 1
+2 1
-3 1
+5 1
-5 1
+4 3
+4 2
+2 1
+1 1
+2 1
-3 1
+5 1
-5 1
+4 2
+3 1
-3 1
+3 5
532 1
+32 1
-26 6
+7 5
+2 1
+1 1
+1 2
-4 4
+2 1
+1 1
+1 6
+2 2
-6 2
+6 2
+5 1
+2 2
+1 1
-1 1
+1 3
+6 1
-1 1
+1 5

fl=(105) /build/glibc-LK5gWL/glibc-2.23/locale/lc-ctype.c
fn=(408) _nl_postload_ctype
38 1
+27 2
-8 1
+8 1
-8 1
-1 1
+3 2
-1 1
+3 2
+4 1
-5 1
+5 1
+38 3
+2 1
-2 1
+1 1
-1 1
+1 3
+1 3
+1 3
+1 3
+1 4
-41 2
+2 2
+2 3

fl=(159)
fn=(1788)
31 8
+17 2
-17 8
+4 8
+4 12
-4 6
+32 8
+4 12
-4 6
+12 4
+3 2
-2 2
+2 12
-2 2
cfi=(160) /build/glibc-LK5gWL/glibc-2.23/nptl/unregister-atfork.c
cfn=(1790) __unregister_atfork
calls=2 -52 
* 20

fl=(46) /build/glibc-LK5gWL/glibc-2.23/string/../sysdeps/x86_64/multiarch/strcmp.S
fn=(188) strncasecmp
129 1
+1 1
+1 1
+1 1
+10 1

fn=(178) strcasecmp
109 1
+1 1
+1 1
+1 1
+10 1

fn=(1490) strcmp
87 1
+2 1
+1 1
+1 1
+12 1

fl=(56) /build/glibc-LK5gWL/glibc-2.23/csu/../csu/init-first.c
fn=(228) _init
52 8
+6 3
+14 1
fi=(58) /build/glibc-LK5gWL/glibc-2.23/csu/../sysdeps/unix/sysv/linux/x86_64/init-first.c
-36 1
fe=(56)
+34 1
+1 1
fi=(58)
-35 3
fe=(56)
+36 1
fi=(58)
-36 3
fi=(57) /build/glibc-LK5gWL/glibc-2.23/csu/../sysdeps/generic/dl-hash.h
+12 3
+14 4
-17 3
+3 9
+14 12
-17 9
fi=(58)
-9 3
+2 2
-2 1
+2 2
cfi=(49) /build/glibc-LK5gWL/glibc-2.23/elf/../sysdeps/unix/sysv/linux/dl-vdso.c
cfn=(184) _dl_vdso_vsym
calls=1 -11 
* 6
+1 2
+5 2
-3 2
+1 1
+2 1
cfi=(49)
cfn=(184)
calls=1 -17 
* 6
fe=(56)
+42 3
fi=(58)
-41 2
+1 1
fe=(56)
+40 1
cfi=(59) /build/glibc-LK5gWL/glibc-2.23/misc/init-misc.c
cfn=(234) __init_misc
calls=1 -55 
* 48
+8 1
cfi=(61) /build/glibc-LK5gWL/glibc-2.23/ctype/ctype-info.c
cfn=(238) __ctype_init
calls=1 -63 
* 16
+5 6
-34 1
-7 1
+7 4
fi=(58)
-25 2
fe=(56)

fl=(59)
fn=(234)
31 2
-1 3
+1 4
+2 3
cfi=(60) /build/glibc-LK5gWL/glibc-2.23/string/../sysdeps/x86_64/strrchr.S
cfn=(236) rindex
calls=1 -9 
* 24
+4 5
+1 3
+2 4

fl=(102) /build/glibc-LK5gWL/glibc-2.23/string/strdup.c
fn=(398) strdup
40 16
+1 4
cfi=(77)
cfn=(324)
calls=4 +25 
* 64
* 4
+1 8
cob=(2)
cfi=(16)
cfn=(350)
calls=4 -42 
* 679
+2 8
+4 4
-1 8
+1 8
-1 8
cfi=(98)
cfn=(384)
calls=4 +14 
* 88

fl=(161) /build/glibc-LK5gWL/glibc-2.23/posix/../sysdeps/unix/sysv/linux/_exit.c
fn=(1830) _Exit
27 2
+4 1
+2 2

fl=(95) /build/glibc-LK5gWL/glibc-2.23/misc/sbrk.c
fn=(378) sbrk
34 2
+8 2
-8 6
+8 9
+4 4
+4 6
+12 5
-19 2
cfi=(96) /build/glibc-LK5gWL/glibc-2.23/misc/../sysdeps/unix/sysv/linux/x86_64/brk.c
cfn=(380) brk
calls=1 -12 
* 12
* 4
+15 2
cfi=(96)
cfn=(380)
calls=1 -27 
* 12
* 2
+4 5

fl=(121) /build/glibc-LK5gWL/glibc-2.23/string/../sysdeps/x86_64/multiarch/memcmp-sse4.S
fn=(572) __memcmp_sse4_1
47 2
+1 2
+1 2
+2 2
+1 2
+2 2
+1 2
+1 8
798 2
+1 2
+1 2
+1 2
1557 2
+1 2
+14 2
+1 2
+4 2
+1 2
+8 2
+1 2
+1 2
+1 2

fl=(141) /build/glibc-LK5gWL/glibc-2.23/debug/printf_chk.c
fn=(882) __printf_chk
26 492
+4 697
+1 82
+1 82
+2 41
+1 123
-1 205
+1 41
cfi=(142) /build/glibc-LK5gWL/glibc-2.23/stdio-common/vfprintf.c
cfn=(884) vfprintf
calls=41 1236 
* 35162
+3 41
-3 41
+3 41
+1 82
fi=(143) /build/glibc-LK5gWL/glibc-2.23/debug/../libio/libioP.h
875 41
+1 82
+1 328
fe=(141)
43 246

fl=(96)
fn=(380)
31 16
+8 2
-6 4
+7 2

fl=(160)
fn=(1790)
28 8
+8 2
+3 4
+82 6

fl=(47) /build/glibc-LK5gWL/glibc-2.23/time/../sysdeps/unix/sysv/linux/x86/time.c
fn=(180) time
38 1
-1 1
+1 6
fi=(48) /build/glibc-LK5gWL/glibc-2.23/time/../sysdeps/generic/dl-hash.h
+10 3
+14 4
-17 3
+3 9
+14 12
-17 9
fe=(47)
-7 3
+3 2
-3 1
+3 1
cfi=(49)
cfn=(184)
calls=1 -14 
* 6
+1 3
+1 2

fl=(70) /build/glibc-LK5gWL/glibc-2.23/stdlib/cxa_atexit.c
fn=(280) __cxa_atexit
57 5
-22 1
+22 1
-22 1
cfn=(282) __new_exitfn
calls=1 +38 
* 38
+2 2
+4 1
+3 1
+1 1
-4 2
+2 1
+4 1
+1 1
+11 4

fn=(282)
73 2
+6 1
-6 1
+6 1
-6 1
+6 4
+2 6
+2 3
-2 1
+10 2
-10 2
+45 1
+1 1
+3 4
+3 5
-21 1
+1 2

fl=(137) /build/glibc-LK5gWL/glibc-2.23/intl/explodename.c
fn=(866) _nl_explode_name
58 6
+4 1
+1 1
+1 1
+1 1
+5 1
-24 17
+1 2
-1 6
+27 2
+6 2
+4 1
-1 1
+1 1
+2 3
+1 2
-1 10
+6 1
-8 1
+2 1
+3 1
+3 1
+25 2
+10 3
+1 4
+2 4
+4 7

fl=(74) /build/glibc-LK5gWL/glibc-2.23/locale/setlocale.c
fn=(402) new_composite_name
141 106
+8 48
-8 2
+8 4
+3 92
+2 44
cfi=(77)
cfn=(324)
calls=22 -88 
* 352
* 4
cfi=(77)
cfn=(324)
calls=2 -88 
* 32
* 96
+1 24
+1 66
cfi=(75)
cfn=(320) __GI_strcmp
calls=2 -12 
* 48
* 4
-8 48
+12 4
+30 18
-18 4
cob=(2)
cfi=(16)
cfn=(350)
calls=2 0 
* 374
+1 2
-1 2
+1 92
+4 48
-4 2
+4 4
+4 92
+2 66
cfi=(104) /build/glibc-LK5gWL/glibc-2.23/string/../sysdeps/x86_64/multiarch/../strcpy.S
cfn=(404) __GI_stpcpy
calls=22 29 
* 1326
* 6
cfi=(104)
cfn=(404)
calls=2 29 
* 166
+1 48
+1 48
cfi=(104)
cfn=(404)
calls=24 29 
* 729
-9 24
+10 48
-10 24
+12 2
+1 4
-33 2
-4 6
+29 6

fn=(318) setlocale
220 14
+7 4
+5 4
+4 10
+2 12
cfi=(75)
cfn=(320)
calls=2 -94 
* 48
* 4
471 18
254 2
-3 2
+1 2
+2 2
cfi=(76) /build/glibc-LK5gWL/glibc-2.23/stdlib/getenv.c
cfn=(322) getenv
calls=2 34 
* 1038
+1 4
+12 4
412 2
+5 12
cfi=(78) /build/glibc-LK5gWL/glibc-2.23/locale/findlocale.c
cfn=(328) _nl_find_locale
calls=2 105 
* 74228
+2 2
-2 2
+2 2
+8 4
+5 10
+2 2
cfi=(102)
cfn=(398)
calls=2 40 
* 502
+1 2
-1 2
+1 2
+5 6
cfn=(402)
calls=2 141 
* 4117
+1 2
-1 2
+1 2
213 2
-1 2
+1 6
+1 1
cfi=(105)
cfn=(408)
calls=1 38 
* 45
455 2
197 6
+3 4
+3 2
-6 6
+3 4
+1 1
cob=(2)
cfi=(16)
cfn=(386)
calls=1 0 
* 131
+2 2
460 4
+4 6
+3 4
cob=(2)
cfi=(16)
cfn=(386)
calls=2 0 
* 36
+2 4

fl=(116) /build/glibc-LK5gWL/glibc-2.23/libio/iofread.c
fn=(532) fread
31 20
+1 20
-1 30
+4 20
+2 200
+1 30
cfi=(112) /build/glibc-LK5gWL/glibc-2.23/libio/genops.c
cfn=(534) _IO_sgetn
calls=10 467 
* 2673
fi=(118) /build/glibc-LK5gWL/glibc-2.23/libio/libioP.h
866 10
fe=(116)
38 10
fi=(118)
866 10
+1 80
fe=(116)
40 20
+1 10
-1 10
+1 50

fl=(129) /build/glibc-LK5gWL/glibc-2.23/misc/tsearch.c
fn=(804) tfind
308 58
-3 174
+8 87
+12 29
-16 29
+16 87

fl=(77)
fn=(324)
66 439
+1 439
+1 439
+1 439
+1 439
+1 439
+1 439
+2 439
+2 439
+30 439
+1 439
+1 439
+1 439
+1 439
+1 283
+1 283
+4 156
+1 156
+1 156
+1 156
+1 156
+1 156
+1 156
+1 156
+1 156
+1 156
+1 156
+1 156
+5 1248

fl=(155) /build/glibc-LK5gWL/glibc-2.23/string/../sysdeps/x86_64/multiarch/strcmp-sse2-unaligned.S
fn=(1492) __strcmp_sse2_unaligned
24 23
+1 23
+1 23
+1 23
+1 23
+1 23
+1 23
+1 23
+1 23
+1 23
+1 23
+1 23
+1 23
+1 23
+1 23
+1 23
+2 23
+1 23
+1 23
+1 23
+1 23

fl=(103) /build/glibc-LK5gWL/glibc-2.23/locale/loadlocale.c
fn=(400) _nl_intern_locale_data
66 84
+10 24
+1 127
+7 60
+2 48
+9 48
cob=(2)
cfi=(16)
cfn=(350)
calls=12 -95 
* 2292
* 12
+3 12
-1 24
+10 12
-7 12
+1 12
+1 12
+1 12
+1 12
+1 12
+1 12
+1 12
+2 12
+1 12
-1 12
+1 12
+11 12
-11 24
+11 1932
+16 30
+11 1220
+1 574
-42 966
+2 310
+1 310
-1 310
+1 310
+50 96
-24 26
-1 14
-1 6
+5 32
-7 92
-1 38
-1 222
-1 12
+9 4
+3 178
+4 250
+7 70
+2 105
-47 24

fl=(115) /build/glibc-LK5gWL/glibc-2.23/string/../string/strstr.c
fn=(520) __GI_strstr
53 14
+10 16
+1 6
-1 10
+2 4
+1 2
+23 16
-26 1
-5 2

fl=(64) /build/glibc-LK5gWL/glibc-2.23/elf/dl-altinit.c
fn=(248) dlinit_alt
33 3
+1 1

fl=(122) /build/glibc-LK5gWL/glibc-2.23/libio/rewind.c
fn=(588) rewind
32 1
+2 1
-2 1
+2 14
+1 5
cfi=(123) /build/glibc-LK5gWL/glibc-2.23/libio/ioseekoff.c
cfn=(590) _IO_seekoff_unlocked
calls=1 +5 
* 101
+1 3
fi=(118)
866 1
fe=(122)
36 1
fi=(118)
866 1
+1 8
fe=(122)
38 2

fl=(52) /build/glibc-LK5gWL/glibc-2.23/time/../sysdeps/unix/sysv/linux/x86/gettimeofday.c
fn=(194) gettimeofday
37 1
-1 1
+1 6
fi=(48)
+11 3
+14 4
-17 3
+3 9
+14 12
-17 9
fe=(52)
-8 3
+3 2
-3 1
+3 1
cfi=(49)
cfn=(184)
calls=1 -13 
* 6
+1 3
+1 2

fl=(92) /build/glibc-LK5gWL/glibc-2.23/elf/dl-addr.c
fn=(360) _dl_addr
126 9
+5 1
-5 2
+5 2
cob=(1)
cfi=(2) /build/glibc-LK5gWL/glibc-2.23/elf/rtld.c
cfn=(50) rtld_lock_default_lock_recursive
calls=1 704 
* 2
+2 2
cob=(1)
cfi=(67)
cfn=(273)
calls=1 -62 
* 1317
* 5
+2 2
30 1
+1 1
-1 1
+1 1
+3 2
+5 1
+6 1
-7 1
+2 2
+2 1
-2 1
+2 1
+3 1
+5 8
+2 1
+1 2
-1 1010
+1 2020
+2 3628
+9 2010
+7 24
-2 24
+2 2259
-2 2211
+2 5750
-10 11175
+2 8940
+1 14318
+7 1011
-21 2022
+49 3
+1 1
+1 3
+3 2
+37 2
cob=(1)
cfi=(2)
cfn=(52) rtld_lock_default_unlock_recursive
calls=1 710 
* 2
+3 9
-28 1
+1 1
+21 2

fl=(100) /build/glibc-LK5gWL/glibc-2.23/misc/../sysdeps/unix/sysv/linux/wordsize-64/mmap.c
fn=(394) mmap
33 1
-1 10
+1 3
+1 10
+2 7
-3 2

fl=(49)
fn=(184)
27 8
+4 8
-3 8

fl=(53) ???
fn=(198) memcpy@GLIBC_2.2.5
0 11

fl=(123)
fn=(590)
40 18
-1 27
+10 45
+16 27
+1 18
-1 9
cfi=(113) /build/glibc-LK5gWL/glibc-2.23/libio/fileops.c
cfn=(592) _IO_file_seekoff@@GLIBC_2.2.5
calls=9 986 
* 826
-16 18

fl=(69) /build/glibc-LK5gWL/glibc-2.23/csu/../csu/libc-start.c
fn=(278) (below main)
134 7
+4 1
-4 3
+4 3
+82 1
-82 1
+82 1
+1 4
cfi=(70)
cfn=(280)
calls=1 57 
* 60
+22 4
+3 2
+1 5
cob=(6) /home/xposimon/Desktop/ATEliminator/readelf
cfi=(66) ???
cfn=(284) 0x000000000043b480
calls=1 0 
* 56
+4 4
+15 2
+12 2
cfi=(71) /build/glibc-LK5gWL/glibc-2.23/setjmp/../sysdeps/x86_64/bsd-_setjmp.S
cfn=(306) _setjmp
calls=1 30 
* 30
+1 2
+5 2
+1 2
+3 2
+3 6
cob=(6)
cfi=(66)
cfn=(312) 0x0000000000401ac0
calls=1 0 
* 286964
+34 2
cfi=(156) /build/glibc-LK5gWL/glibc-2.23/stdlib/exit.c
cfn=(1760) exit
calls=1 104 
* 1149
138 2

fl=(88) /build/glibc-LK5gWL/glibc-2.23/intl/../intl/l10nflist.c
fn=(348) _nl_normalize_codeset
311 7
+12 7
+6 2
-5 20
+4 4
-2 4
+3 12
-6 8
+6 1
-6 2
+9 4
cob=(2)
cfi=(16)
cfn=(350)
calls=1 0 
* 59363
+2 2
-2 1
+11 15
-2 6
+2 1
-2 2
+1 20
+2 9
+1 2
-4 2
+6 1
+4 6

fn=(808) _nl_make_l10nflist
157 360
+10 30
-10 150
+10 30
cfi=(77)
cfn=(324)
calls=30 66 
* 480
+2 30
-12 30
+10 30
+2 32
cfi=(77)
cfn=(324)
calls=1 66 
* 16
* 1
+2 180
+2 180
+2 180
+1 60
cfi=(77)
cfn=(324)
calls=30 66 
* 1020
-10 30
+10 30
-10 90
cob=(2)
cfi=(16)
cfn=(350)
calls=30 0 
* 3445
+12 30
-12 30
+12 30
+7 150
cfi=(98)
cfn=(384)
calls=30 61 
* 840
-89 120
+2 60
cfi=(77)
cfn=(324)
calls=30 -32 
* 1020
+2 30
+1 60
+87 30
+1 30
-1 60
+1 30
cfi=(104)
cfn=(404)
calls=30 29 
* 1156
+2 60
+5 90
+5 90
+5 90
+7 60
-1 30
+1 60
cfi=(98)
cfn=(384)
calls=30 61 
* 810
+5 234
+1 84
+2 56
cfi=(75)
cfn=(320)
calls=28 -77 
* 1708
+1 56
+13 6
74 7
+2 1
+3 1
-3 1
cfi=(77)
cfn=(324)
calls=1 -10 
* 34
+2 1
-1 1
-3 17
241 10
cob=(2)
cfi=(16)
cfn=(350)
calls=1 0 
* 342
+4 1
-4 1
+4 1
+6 5
76 1
+3 1
-3 1
cfi=(77)
cfn=(324)
calls=1 -10 
* 34
+2 1
-1 1
-3 2
256 3
+4 1
-5 1
+3 1
+2 1
74 7
+2 1
+3 1
-3 1
cfi=(77)
cfn=(324)
calls=1 -10 
* 34
+2 1
-1 1
-3 2
275 5
+1 22
+1 12
+8 1
-1 1
+1 1
cfi=(77)
cfn=(324)
calls=1 66 
* 34
* 13
cfn=(809) _nl_make_l10nflist'2
calls=1 157 
* 2717
fi=(138) /build/glibc-LK5gWL/glibc-2.23/intl/../string/argz.h
164 2
fe=(88)
285 1
fi=(138)
164 1
+1 3
cfi=(139) /build/glibc-LK5gWL/glibc-2.23/string/../sysdeps/x86_64/rawmemchr.S
cfn=(870) rawmemchr
calls=1 25 
* 24
* 1
fe=(88)
282 2
+8 16
+1 18
+1 10
+3 10
-1 2
+1 10
-4 2
+4 6
cfn=(809)
calls=2 157 
* 4311
* 2
-4 2
+4 2
-1 2
-3 3
+9 1
+2 1
+1 66
-47 6
-62 1
-1 2
+1 1
cfi=(104)
cfn=(404)
calls=1 29 
* 28
* 2
+43 2
cob=(2)
cfi=(16)
cfn=(386)
calls=1 0 
* 101
* 56
cob=(2)
cfi=(16)
cfn=(386)
calls=28 0 
* 2828
+66 29
-65 29
+65 203
-41 2
+1 3
-46 4

fn=(809)
157 96
+10 8
-10 40
+10 8
cfi=(77)
cfn=(324)
calls=8 66 
* 128
+2 8
-12 8
+10 8
+2 12
cfi=(77)
cfn=(324)
calls=2 66 
* 32
* 2
+2 48
+2 48
+2 48
+1 16
cfi=(77)
cfn=(324)
calls=8 66 
* 272
-10 8
+10 8
-10 24
cob=(2)
cfi=(16)
cfn=(350)
calls=8 0 
* 1235
+12 8
-12 8
+12 8
+7 40
cfi=(98)
cfn=(384)
calls=8 61 
* 280
-89 32
+2 16
cfi=(77)
cfn=(324)
calls=8 -32 
* 272
+2 8
+1 16
+87 8
+1 8
-1 16
+1 8
cfi=(104)
cfn=(404)
calls=8 29 
* 200
+2 16
+5 24
+5 24
+5 24
+7 16
-1 8
+1 16
cfi=(98)
cfn=(384)
calls=8 61 
* 216
+5 64
+1 72
+2 48
cfi=(75)
cfn=(320)
calls=24 -77 
* 1262
+1 48
+3 37
-7 54
+17 9
74 21
+2 3
+3 3
-3 3
cfi=(77)
cfn=(324)
calls=3 -10 
* 102
+2 3
-1 3
-3 51
241 30
cob=(2)
cfi=(16)
cfn=(350)
calls=3 0 
* 552
+4 3
-4 3
+4 3
+6 15
76 3
+3 3
-3 3
cfi=(77)
cfn=(324)
calls=3 -10 
* 102
+2 3
-1 3
-3 6
256 9
+4 3
-5 3
+3 3
+2 3
+7 6
+1 3
74 21
+2 3
+3 3
-3 3
cfi=(77)
cfn=(324)
calls=3 -10 
* 102
+2 3
-1 3
-3 6
275 15
+1 26
+1 12
+8 1
-1 1
+1 1
cfi=(77)
cfn=(324)
calls=1 66 
* 34
* 13
cfn=(809)
calls=1 157 
* 742
fi=(138)
164 2
fe=(88)
285 1
fi=(138)
164 1
+1 3
cfi=(139)
cfn=(870)
calls=1 25 
* 29
* 1
fe=(88)
282 2
-6 4
+14 48
+1 36
+1 14
+3 20
-1 4
+1 20
-4 4
+4 12
cfn=(809)
calls=4 157 
* 4087
* 4
-4 4
+4 4
-1 4
-3 7
+9 3
+2 3
+1 36
-47 18
-62 2
-1 4
+1 2
cfi=(104)
cfn=(404)
calls=2 29 
* 56
* 2
+43 10
cob=(2)
cfi=(16)
cfn=(386)
calls=5 0 
* 505
+66 5
-65 5
+65 35

fl=(117) /build/glibc-LK5gWL/glibc-2.23/libio/filedoalloc.c
fn=(540) _IO_file_doallocate
95 15
+15 18
cfi=(113)
cfn=(542) _IO_file_stat
calls=3 1229 
* 42
* 6
+2 12
+11 9
+4 6
cob=(2)
cfi=(16)
cfn=(350)
calls=3 0 
* 1296
* 3
+2 3
-1 6
+2 12
cfi=(112)
cfn=(544) _IO_setb
calls=3 380 
* 54
+1 3
+1 15
-15 1
-2 9
+5 2

fl=(153) /build/glibc-LK5gWL/glibc-2.23/stdio-common/vfscanf.c
fn=(1456) _IO_vfscanf
279 10
+11 1
-11 2
+11 2
+1 1
fi=(154) /build/glibc-LK5gWL/glibc-2.23/stdio-common/../include/scratch_buffer.h
79 1
fe=(153)
291 1
fi=(154)
78 4
fe=(153)
341 6
+6 3
+3 5
+4 1
+20 1
-20 1
+20 1
-13 2
+6 1
+2 3
+5 1
-5 1
+5 6
2671 1
315 1
-30 1
-1 2
+95 1
2671 1
2215 2
334 2
-4 1
-1 1
-1 2
-1 1
-32 1
-12 1
2215 1
383 6
+37 3
+23 1
+1 1
-1 1
+1 1
3024 13
fi=(154)
86 5
fe=(153)
3027 3
+3 2
+17 4
+6 9
449 2
347 2
+27 13
+92 1
223 1
+1 2
489 4
+2 2
+1 1
-1 2
+1 8
+1 2
-1 7
+1 4
-1 12
+2 2
+5 1
-19 1
+20 2
+1 1
+34 4
+3 10
+80 2
+5 2
-1 1
+1 1
+1 4
+3 1
+1 4
-1 2
+1 1
-1 1
+1 5
+6 6
+3 2
-3 2
+3 3
-3 2
+3 1
+1 2
+1 5
-1 1
+1 4
+4 1
-4 2
cfi=(112)
cfn=(1458) _IO_sputbackc
calls=1 +34 
* 15
+4 8
288 1
3014 5
538 2
639 1
1023 3
+2 5
+2 8
+10 2
-10 1
+10 3
+71 10
+42 168
1037 112
1150 56
1037 168
+68 112
+3 56
-1 112
+1 112
+42 505
+2 2
+42 1
-2 3
+2 1
+8 1
-10 1
+10 1
-2 2
-93 112
-80 6
+12 4
cfi=(112)
cfn=(1458)
calls=1 673 
* 15
+1 1
-15 14

fn=(1454) vfscanf
3066 2
cfn=(1456)
calls=1 279 
* 1890

fl=(104)
fn=(404)
29 118
+1 118
+1 118
+2 118
+2 67
+1 67
+3 67
+1 67
+1 67
+1 67
-3 160
+1 160
+1 160
+1 160
+1 224
+1 224
+1 224
+1 224
+3 115
+8 115
+1 115
+1 115
+1 115
+3 115
+1 69
+1 69
+1 69
+3 69
+2 13
+1 13
+3 13
+1 13
+1 13
+1 13
+3 13
+1 10
+1 10
+1 10
+3 10
+2 2
+1 2
+3 2
+1 2
+1 2
+1 2
+3 2
+36 318
+1 318
+1 318
+1 245
+1 245
+1 245
+1 245
+1 203
+1 203
+1 203
+4 118
+4 118

fl=(120) /build/glibc-LK5gWL/glibc-2.23/string/../sysdeps/x86_64/multiarch/memcmp.S
fn=(570) bcmp
29 1
+1 1
+1 1
+4 1
+1 1
+1 1
+1 1

fl=(135)
fn=(856) qsort_r
166 12
+6 1
-6 1
+6 1
-5 1
+8 2
+64 1
-5 1
+1 1
+1 1
+1 1
+2 1
+61 8
177 1
-9 1
+9 6
300 2
-15 2
+2 2
+2 2
+4 2
+2 1
45 7
cfn=(858) msort_with_tmp.part.0
calls=1 -5 
* 18352
299 2
cob=(2)
cfi=(16)
cfn=(386)
calls=1 0 
* 18
* 1

fn=(854)
308 2
cfn=(856)
calls=1 166 
* 18431

fn=(858)
40 5
+8 1
-8 2
+8 1
+3 1
-11 2
+9 1
+2 1
-11 3
+11 1
-6 5
cfn=(859) msort_with_tmp.part.0'2
calls=1 -5 
* 7390
* 6
cfn=(859)
calls=1 -5 
* 8090
+11 1
+1 1
-1 1
+2 1
-1 1
+2 1
+1 1
-1 1
+1 5
+67 2
-67 9
+39 53
+6 96
-1 24
+1 24
cfi=(131)
cfn=(860)
calls=24 413 
* 1415
* 48
+8 2
+2 2
-1 2
+3 456
-18 24
+5 24
-5 27
+59 2
+2 6
+1 7
-1 1
cfi=(98)
cfn=(384)
calls=1 -99 
* 162
-42 144
-1 48
+1 48
-1 72
-8 66
-1 66

fn=(859)
40 215
+8 43
-8 86
+8 43
+3 43
-11 86
+9 43
+2 43
-11 129
+11 43
-6 128
cfn=(859)
calls=14 -5 
* 13375
* 194
cfn=(859)
calls=27 -5 
* 17633
+11 43
+1 43
-1 43
+2 43
-1 43
+2 43
+1 43
-1 43
+1 215
+67 86
-67 387
+39 409
+6 384
-1 96
+1 96
cfi=(131)
cfn=(860)
calls=96 413 
* 5974
* 192
+8 4
+2 4
-1 4
+3 1824
-18 96
+5 96
-5 225
+59 86
+2 258
+1 301
-1 43
cfi=(98)
cfn=(384)
calls=43 -99 
* 1431
-42 576
-1 192
+1 192
-1 288
-8 276
-1 276
+51 5
cfi=(98)
cfn=(384)
calls=1 -98 
* 23
* 1

fl=(144) /build/glibc-LK5gWL/glibc-2.23/stdio-common/printf-parse.h
fn=(908) read_int
73 32
+12 32
-12 64
+2 224
+18 32

fl=(98)
fn=(384)
61 338
+2 338
+2 338
+3 320
+1 320
+2 104
+1 104
+2 104
+1 104
+5 104
+1 104
-1 216
+1 216
+2 103
+1 103
+2 103
+1 206
+5 103
+1 103
-1 217
+1 217
+2 94
+1 94
+2 94
+1 94
+5 94
+1 94
-1 226
+1 226
+2 165
+1 165
+2 165
+1 165
+5 165
+1 165
-1 155
+1 366
+5 211
+1 211
+1 211
+1 211
+2 211
+2 211
+1 211
+2 211
+8 320
+8 70
+6 70
+2 70
+1 70
+3 39
+1 117
+5 39
+1 39
+2 39
+2 39
+1 39
+2 39
-8 127
+1 127
+2 127
+2 127
+1 127
+2 205
+9 39
+1 39
-1 31
+1 31
+3 68
+1 68
+1 68
+5 90
+2 90
+1 90
+1 90
+1 90
+2 90
+1 90
+1 90
+1 90
+2 90
+1 90
+2 90
+2 59
+2 59
+1 59
+1 59
+1 59
+2 59
+1 59
+1 59
+1 59
+2 59
+1 59
+2 97
+5 19
+6 19
+1 19
-7 49
+6 49
+1 49
+2 16
+17 2
+1 2
+1 2
+5 2
+1 2
+4 2
+1 2
+2 480
+1 2
+6 2
+1 2
+1 2
+3 2
+6 2
+1 2
+2 2

fl=(128) /build/glibc-LK5gWL/glibc-2.23/locale/localename.c
fn=(802) __current_locale_name
25 232
+1 58

fl=(94) /build/glibc-LK5gWL/glibc-2.23/malloc/morecore.c
fn=(376) __default_morecore
46 2
+1 2
cfi=(95)
cfn=(378)
calls=2 -13 
* 73
+1 6
+4 4

fl=(126) /build/glibc-LK5gWL/glibc-2.23/intl/dcgettext.c
fn=(798) dcgettext
46 29
+1 116
cfi=(127) /build/glibc-LK5gWL/glibc-2.23/intl/dcigettext.c
cfn=(800) __dcigettext
calls=29 488 
* 111458

fl=(130) /build/glibc-LK5gWL/glibc-2.23/intl/finddomain.c
fn=(806) _nl_find_domain
61 319
+26 87
+5 58
cfi=(77)
cfn=(324)
calls=29 -26 
* 986
-1 377
cfi=(88)
cfn=(808)
calls=29 +66 
* 16264
+4 58
-4 29
+4 58
+2 58
+5 84
+3 84
+84 8
-81 140
+5 168
-5 420
+2 252
+79 252
-65 2
cfi=(131)
cfn=(810)
calls=1 +31 
* 59344
+1 1
-1 1
+1 1
+18 7
cfi=(137)
cfn=(866)
calls=1 -85 
* 83
+2 1
-2 1
+2 1
+5 3
+5 2
cfi=(77)
cfn=(324)
calls=1 -89 
* 34
-1 13
cfi=(88)
cfn=(808)
calls=1 +3 
* 8370
+5 2
-5 1
+5 2
+2 2
+4 3
+2 2
+13 2
+5 1
-31 1
+31 1
-15 5
+4 6
-4 15
+2 9
+1 6
cfi=(140) /build/glibc-LK5gWL/glibc-2.23/intl/loadmsgcat.c
cfn=(872) _nl_load_domain
calls=3 787 
* 183
* 9
-7 3
cfi=(140)
cfn=(872)
calls=1 787 
* 61
* 1

fl=(152) /build/glibc-LK5gWL/glibc-2.23/stdio-common/fscanf.c
fn=(1452) fscanf
26 7
+4 1
+1 1
-1 5
+1 1
cfi=(153)
cfn=(1454)
calls=1 3066 
* 1892
+4 2

fl=(110) /build/glibc-LK5gWL/glibc-2.23/io/../sysdeps/unix/sysv/linux/wordsize-64/xstat.c
fn=(488) _xstat
34 1
-1 1
+1 1
+1 6
+4 1

fl=(86)
fn=(344)
24 84
+1 84
+1 84
+1 84
+1 84
+1 84
+1 84
+1 84
+1 84
+1 84
+1 84
+1 84
+1 84
+1 84
+1 84
+1 84
+1 84
+1 9
+4 9
+1 9
+1 9
+1 9
+2 9
+4 75
+1 75
+1 75
+1 75
+1 75
+1 75
+1 75
+1 75
+1 75
+1 75
+1 75
+1 75
+1 75
+1 75
+1 75
+1 75
+1 75
+1 75
+1 75
+1 75
+1 75
+1 75
+1 75
+1 90
+5 15
+1 15
+3 15
+1 15
+1 15
+1 15
+1 15
+1 15
+1 15
+1 15
+1 15
+1 15
+1 15
+1 15
+1 15
+1 15
+1 15
+1 15
+1 15
+1 15
+2 15
+1 15
+2 15
+1 15
+1 15
+1 15
+1 15
+1 15
+1 15
+1 15
+2 15
+1 15
+1 15
+1 15
+1 15
+1 15
+1 15
+1 15
+1 15
+1 15
+3 15
+4 15
+1 15
+1 15
+1 15
+2 15
-9 60
+4 60
+1 60
+1 60
+1 60
+2 60

fl=(124) /build/glibc-LK5gWL/glibc-2.23/misc/../sysdeps/unix/syscall-template.S
fn=(596) lseek
84 36
+1 9

fl=(140)
fn=(872)
787 8
+16 4
-16 32
+16 40
+1 4
-1 4
+1 4
-1 4
+1 4
+25 8
-11 4
+1 4
+10 8
+4 44
1310 4
+3 36
+1 32

fl=(134)
fn=(838)
39 6
+14 2
-14 2
+14 4
+9 8
cfi=(113)
cfn=(850) _IO_file_finish@@GLIBC_2.2.5
calls=2 200 
* 54
+1 6
+18 12
+3 4
cob=(2)
cfi=(16)
cfn=(386)
calls=2 -84 
* 317
+4 10
-34 2
cfi=(112)
cfn=(840) _IO_un_link
calls=2 +6 
* 149
+2 22
+1 2
-1 2
+1 2
+1 4
cfi=(113)
cfn=(842) _IO_file_close_it@@GLIBC_2.2.5
calls=2 160 
* 466
* 6
fi=(118)
866 4
+1 12
fe=(134)
78 4

fl=(89)
fn=(372) malloc_consolidate
4144 14
-22 48
+23 18
+12 6
5002 6
4147 6
+11 6
-1 6
5004 6
-2 6
+2 30
4160 12
+1 12
-1 108
+1 132
+22 2
-1 2
+1 30
+4 1
+4 1
-3 1
+1 1
+2 1
-4 7
+4 7
-3 7
+1 7
+2 7
+1 1
+1 1
+3 1
+1 1
+1 1
-2 1
+12 1
-12 1
+3 2
+9 1
-12 7
+1 7
+1 7
-2 7
+12 7
-12 7
+3 14
+9 7
-41 8
-3 8
+3 16
+1 8
+1 16
+2 16
+7 16
+3 16
+4 12
+23 16
+3 240
+6 48
4996 4
1808 3
-3 2
+3 378
-3 252
+7 3
+5 1
+2 1
-2 2
-1 3

fn=(836) _int_realloc
4226 10
+21 3
+1 3
+11 3
+2 1
+1 3
+2 4
+6 2
4389 8
4280 3
+1 1
-1 2
+4 6
+1 1
-1 1
+2 1
-2 1
+2 1
-2 1
+1 1
+1 1
+2 2

fn=(390) _int_free
3841 468
+13 52
-13 52
+13 104
+6 208
+1 104
+11 208
+13 104
+11 148
+1 111
1886 37
3921 37
1886 74
3923 111
+1 74
+4 37
-4 37
+1 37
+9 259
+9 148
+2 37
+2 222
4105 416
3960 30
+1 45
+15 30
+8 45
+6 30
+1 30
+1 30
1886 45
4001 30
+1 4
+2 4
-1 4
+2 62
+3 30
+5 28
+1 135
+1 9
+11 9
-1 9
+2 18
-1 5
-1 5
+2 10
+7 14
-2 14
+1 14
+1 14
+2 11
+1 11
+2 11
+1 11
+2 33
+1 11
+30 22
-34 3
+1 3
+2 9
+1 3
+30 8
+1 2
+3 3
3962 75
+8 15
-4 15
+4 45
-7 30
4093 45
+1 45
+1 75
3949 148
+68 10
-3 24
+61 2
cfn=(372)
calls=1 +69 
* 147
* 1
-21 1
+1 3
+1 2
-80 75
4079 5

fn=(828)
2974 27
+7 6
+1 6
+4 4
+7 4
+6 1
-2 1
+2 1
+2 1
-2 1
+2 2
+17 8
+2 2
+44 27
-60 2
+39 6
+2 5
cfn=(836)
calls=1 4226 
* 59
* 1
+2 4
+1 10
-38 4
+1 2
-7 2
-21 2
cfi=(90) /build/glibc-LK5gWL/glibc-2.23/malloc/hooks.c
cfn=(830) realloc_hook_ini
calls=1 37 
* 220
* 2
+11 2
cfn=(352)
calls=1 -92 
* 184
* 2

fn=(352)
2902 246
+5 164
+1 164
+3 648
+2 243
cfn=(370) _int_malloc
calls=81 3349 
* 11337
+3 81
-3 81
+3 81
+8 324
+2 891
+3 324
-18 486
-2 1
+20 3
-20 1
cfi=(90)
cfn=(354) malloc_hook_ini
calls=1 29 
* 59350

fn=(374) sysmalloc
2268 8
+20 1
+11 1
-11 1
+11 1
+1 5
fi=(91) /build/glibc-LK5gWL/glibc-2.23/malloc/arena.c
488 3
fe=(89)
2315 5
+65 1
+1 3
+10 1
-9 1
+9 5
+6 4
+3 3
2723 2
+1 1
+8 4
+5 1
-3 1
+3 1
-2 1
+2 3
+1 1
-1 1
-1 1
+4 1
-3 2
+1 1
+8 9
2463 1
-8 4
+8 1
+21 5
cfi=(94)
cfn=(376)
calls=1 46 
* 62
* 1
+1 1
+3 4
+3 2
+1 2
+20 2
+26 2
+2 2
+6 1
-6 1
+6 1
2321 1
2464 1
+10 5
+8 1
-8 1
+8 1
+67 7
+37 2
+6 3
+19 1
+3 2
+1 5
+2 1
-2 1
+2 1
+1 3
cfi=(94)
cfn=(376)
calls=1 46 
* 25
+12 2
+8 1
+1 1
-1 2
+1 2
+39 1
+1 1
-2 1
+1 3
+12 1
-12 1
+1 1
+11 1
2539 5

fn=(388)
2934 275
+5 110
+1 110
+6 110
+5 52
-2 52
+2 104
+16 156
+1 104
cfn=(390)
calls=52 3841 
* 4692
+1 330

fn=(370)
3349 246
-30 164
+30 82
-30 328
+30 246
-30 82
+30 246
+4 246
+14 164
+2 168
+2 56
-1 56
-1 56
+1 56
+5 112
+3 145
+1 29
-1 29
+1 58
+25 106
+2 132
+1 132
+2 44
-2 44
+2 88
+2 8
+4 3
+1 6
+5 3
+1 3
+1 3
+2 9
+23 48
+1 18
+1 12
cfn=(372)
calls=6 4144 
* 1486
3819 700
-2 50
+2 50
-2 50
+2 100
5002 50
3817 50
+2 50
5004 50
3819 50
5004 50
3819 150
5004 100
3819 200
5002 100
3469 100
+66 22
+1 33
+1 11
-1 22
+51 55
+7 11
-6 11
+1 11
+1 11
+1 11
+3 11
-58 7
+51 35
+7 7
-6 7
+1 7
+1 7
+1 7
+3 7
3469 204
+3 31
-1 31
+1 62
+1 62
+3 31
+10 102
+34 18
-5 18
+1 18
+4 18
+13 36
+8 34
+1 12
+1 3
+3 6
-4 16
+1 4
+3 8
3382 145
1879 41
3770 41
1879 82
3833 738
3541 28
-54 40
+1 61
+5 13
-1 13
+5 13
-3 26
+1 13
+1 26
+1 13
+2 10
+1 10
+3 80
+2 30
+1 10
+3 10
1879 30
3503 24
+2 9
+1 3
+3 3
1879 9
3584 28
+19 74
+73 74
+1 74
+1 74
+1 74
+1 74
+5 96
+16 74
+2 148
-4 186
+8 19
+3 38
+2 10
+2 10
-1 10
-1 30
-27 10
+27 10
-27 10
+4 108
+3 128
-3 78
+3 96
-3 46
+3 57
3792 28
+3 28
-2 56
+2 56
+17 2
3605 27
+3 9
-3 9
+3 27
3448 21
1879 4
3448 7
3692 21
+2 14
+1 14
-1 2
+1 2
-3 3
+27 18
+3 18
+5 9
-3 18
+3 9
-3 9
+3 126
+3 18
+15 9
+1 18
-6 9
+17 9
-6 9
+1 9
+1 9
+1 9
+3 9
+1 6
+1 18
+2 4
+1 4
+2 4
+2 4
-2 28
+2 12
+1 12
-3 5
+2 5
-2 35
+2 15
+1 15
+60 3
cfn=(374)
calls=1 2268 
* 249
+1 2
-28 27
-3 27
+1 27
+2 27
-1 27
+1 54
+2 27
-2 108
+2 27
+3 27
1879 81
3727 72

fl=(108) /build/glibc-LK5gWL/glibc-2.23/posix/getopt1.c
fn=(446) getopt_long
64 2
+1 6
cfi=(109) /build/glibc-LK5gWL/glibc-2.23/posix/getopt.c
cfn=(448) _getopt_internal
calls=2 1169 
* 772
+1 4

fl=(76)
fn=(322)
34 304
+1 38
cfi=(77)
cfn=(324)
calls=38 +31 
* 608
* 38
+4 266
+3 76
+49 342
-24 38
+6 38
+2 38
-3 38
+3 2924
+9 1626
cfi=(75)
cfn=(326) __GI_strncmp
calls=35 +54 
* 1055
* 70
+1 66
+1 62

fl=(71)
fn=(306)
30 1
+2 1
cfi=(72) /build/glibc-LK5gWL/glibc-2.23/setjmp/../sysdeps/x86_64/setjmp.S
cfn=(308) __sigsetjmp
calls=1 -6 
* 28

fl=(107) /build/glibc-LK5gWL/glibc-2.23/intl/textdomain.c
fn=(424) textdomain
65 3
+5 1
+1 1
-1 1
+3 4
+5 1
-3 1
+3 1
+33 2
+2 2
+4 3
+3 5
-41 3
cfi=(75)
cfn=(320)
calls=1 +65 
* 24
* 2
+5 3
cfi=(75)
cfn=(320)
calls=1 +60 
* 24
* 2
+10 2
cfi=(102)
cfn=(398)
calls=1 -54 
* 237
+8 1
-8 1
+8 1
+1 3

fl=(99) /build/glibc-LK5gWL/glibc-2.23/io/../sysdeps/unix/sysv/linux/wordsize-64/fxstat.c
fn=(392) _fxstat
34 4
-1 4
+1 4
+1 24
+4 4

fl=(142)
fn=(884)
1236 336
+31 126
+8 127
+4 210
+11 210
+11 42
fi=(144)
108 126
fe=(142)
1316 42
-15 210
fi=(144)
108 42
cfi=(87) /build/glibc-LK5gWL/glibc-2.23/string/../sysdeps/x86_64/strchr.S
cfn=(346) strchrnul
calls=42 -84 
* 1325
fe=(142)
1316 42
fi=(144)
108 42
fe=(142)
1312 42
+4 84
+4 336
cfi=(112)
cfn=(892) _IO_default_xsputn
calls=1 425 
* 4
cfi=(113)
cfn=(886) _IO_file_xsputn@@GLIBC_2.2.5
calls=41 -33 
* 10951
* 168
1685 207
+1 84
+2 42
+1 336
1275 82
+41 246
+1 246
+3 84
+4 42
-4 42
+4 84
+4 420
1552 70
-21 70
1632 70
-1 70
1370 570
-7 38
-1 38
-3 38
-1 38
+8 38
+4 38
-3 38
-10 38
-1 38
-1 38
-1 38
-1 38
+14 38
-15 38
-1 38
-1 38
-1 38
+18 76
1649 38
+2 76
+8 38
fi=(144)
108 76
fe=(142)
1659 38
fi=(144)
108 38
fe=(142)
1659 38
fi=(144)
108 76
cfi=(87)
cfn=(346)
calls=38 -84 
* 789
fe=(142)
1663 38
-4 38
+4 418
cfi=(112)
cfn=(892)
calls=2 425 
* 47
cfi=(113)
cfn=(886)
calls=36 1287 
* 3799
* 494
+2 111
-61 176
-1 11
+1 22
+27 1562
cfi=(146) /build/glibc-LK5gWL/glibc-2.23/libio/iopadn.c
cfn=(916) _IO_padn
calls=12 37 
* 1248
* 426
cfi=(112)
cfn=(892)
calls=1 425 
* 58
cfi=(113)
cfn=(886)
calls=29 1287 
* 2196
* 300
+1 72
-1 236
cfi=(145)
cfn=(910)
calls=16 168 
* 336
* 140
cfi=(145)
cfn=(910)
calls=14 168 
* 507
* 850
+1 60
cfi=(113)
cfn=(886)
calls=6 1287 
* 1018
* 60
-44 96
+43 253
+1 101
cfi=(113)
cfn=(886)
calls=1 1287 
* 4
* 188
-1 38
+1 14
1489 64
cfi=(144)
cfn=(908)
calls=16 73 
* 192
+2 16
-2 16
+2 48
+8 48
+18 64
+3 192
+3 48
+1 48
+26 16
+14 16
-14 32
+38 224
-36 64
cfi=(144)
cfn=(908)
calls=16 73 
* 192
* 16
+4 64
+9 48
+67 63
-1 224

fl=(61)
fn=(238)
31 5
+2 1
+2 1
-4 1
+4 1
-4 1
+2 3
+2 3

fl=(72)
fn=(308)
26 1
+9 1
+1 2
+1 1
+4 1
+1 1
+1 1
+1 1
+1 1
+2 2
+2 1
+1 1
+1 1
+2 2
+2 1
+9 1
cfi=(73) /build/glibc-LK5gWL/glibc-2.23/setjmp/sigjmp.c
cfn=(310) __sigjmp_save
calls=1 -36 
* 9

fl=(127)
fn=(800)
488 232
+22 29
-22 174
+22 29
+4 116
+9 87
+4 87
+9 29
+11 29
-1 29
-10 58
+11 29
-11 29
+12 29
+1 29
+4 29
-4 29
+4 29
cfi=(128)
cfn=(802)
calls=29 25 
* 145
* 87
cfi=(77)
cfn=(324)
calls=29 66 
* 464
* 232
cfi=(98)
cfn=(384)
calls=29 61 
* 638
+16 29
-16 29
+9 29
+7 58
+2 116
cfi=(129)
cfn=(804)
calls=29 308 
* 464
+2 29
-2 29
+2 58
+2 58
+28 174
+2 87
cfi=(75)
cfn=(320)
calls=29 144 
* 1885
+1 58
+15 29
+2 29
-2 29
+2 29
+39 174
1553 29
cfi=(128)
cfn=(802)
calls=29 25 
* 145
+29 29
-29 29
+29 29
670 87
cfi=(77)
cfn=(324)
calls=29 66 
* 464
+1 29
-1 58
+1 29
cfi=(77)
cfn=(324)
calls=29 66 
* 464
* 29
+4 29
-4 116
+4 29
-4 29
+4 29
cfi=(104)
cfn=(404)
calls=29 29 
* 2639
* 174
cfi=(97)
cfn=(382)
calls=29 61 
* 551
+5 29
-5 29
+5 29
cfi=(77)
cfn=(324)
calls=29 66 
* 464
* 87
+49 29
-49 29
+49 29
-49 58
+9 174
+2 116
+6 29
+1 29
+18 58
+1 145
+5 145
cfi=(130)
cfn=(806)
calls=29 61 
* 87881
+2 29
-2 29
+2 29
+5 174
cfn=(874) _nl_find_msg
calls=29 896 
* 841
+3 58
853 87
+17 87
+4 58
519 116
875 261
1587 58
cfi=(76)
cfn=(322)
calls=29 34 
* 3509
+1 145
511 58
680 58
+23 232
+1 435
-1 435
+6 29
-4 29
+4 116
+7 58
+20 261
+15 174
-15 435
+6 435
cfn=(874)
calls=87 896 
* 2523
+6 174
+95 87

fn=(874)
896 1160
+7 116
-7 464
+7 232
+3 348
1300 116
1412 928

fl=(90)
fn=(354)
29 4
fi=(91)
260 1
fe=(90)
30 1
fi=(91)
260 1
fe=(90)
30 1
fi=(91)
260 1
fi=(89)
2911 7
+2 3
cfn=(370)
calls=1 3349 
* 1038
+3 1
-3 1
+3 1
+8 4
+2 11
fe=(90)
33 4
fi=(89)
2911 6
+12 1
cfi=(91)
cfn=(358) ptmalloc_init.part.5
calls=1 258 
* 58261
* 1
-15 2
fe=(90)

fn=(830)
37 9
+1 1
+1 1
-1 1
fi=(91)
260 1
fe=(90)
39 1
fi=(91)
260 3
fi=(89)
2982 2
+4 2
+7 2
fe=(90)
42 9
fi=(89)
2994 2
cfn=(352)
calls=1 -92 
* 184
* 2
fe=(90)

fl=(78)
fn=(328)
105 22
+3 2
-3 2
+3 2
+8 4
+18 8
cfi=(75)
cfn=(320)
calls=2 +10 
* 48
* 4
+1 8
cfi=(75)
cfn=(320)
calls=2 +9 
* 48
* 4
329 16
75 4
cfi=(77)
cfn=(324)
calls=2 -9 
* 32
+3 2
-3 2
+3 2
+42 4
cfi=(76)
cfn=(322)
calls=2 -86 
* 928
-54 2
+54 2
-54 2
+56 2
+1 2
-1 8
cfi=(76)
cfn=(322)
calls=2 -88 
* 928
-56 2
+56 2
-56 2
+59 4
cfi=(76)
cfn=(322)
calls=2 -91 
* 760
-59 2
+59 2
-59 12
+16 10
cfi=(79) /build/glibc-LK5gWL/glibc-2.23/string/memmem.c
cfn=(330) memmem
calls=2 -32 
* 102
* 4
+3 4
+2 2
+1 8
+8 8
cfi=(80) /build/glibc-LK5gWL/glibc-2.23/string/../sysdeps/x86_64/memchr.S
cfn=(332) memchr
calls=2 -71 
* 38
* 4
+52 2
+4 2
-4 2
+4 2
+2 6
cfi=(81) /build/glibc-LK5gWL/glibc-2.23/locale/loadarchive.c
cfn=(334) _nl_load_locale_from_archive
calls=2 -19 
* 71156
+2 4

fl=(97)
fn=(382)
61 130
+4 130
+3 130
+1 130
+2 84
+1 84
+2 84
+1 84
+5 84
+1 84
-1 46
+1 46
+2 22
+1 22
+2 22
+1 22
+5 22
+1 22
-1 108
+1 108
+2 26
+1 26
+2 26
+1 26
+5 26
+1 26
-1 104
+1 104
+2 38
+1 38
+2 38
+1 76
+5 38
+1 38
-1 92
+1 98
+5 6
+1 6
+1 6
+1 6
+2 6
+2 6
+1 6
+2 6
+6 130
+4 130
+12 16
+2 16
+1 16
+26 16
+1 16
+3 16
+1 16
+1 16
+5 16
+2 16
+1 16
+1 16
+1 16
+2 16
+1 16
+1 16
+1 16
+2 16
+1 16
+2 16
+22 16
+2 16

fl=(73)
fn=(310)
28 1
+1 1
-1 2
+1 2
+5 3

fl=(111)
fn=(500)
97 4
cfn=(502) __fopen_internal
calls=2 -36 
* 1087

fn=(522) __fopen_maybe_mmap
41 2
-2 2
+2 2
+15 2

fn=(502)
61 12
+8 2
-8 4
+8 2
cob=(2)
cfi=(16)
cfn=(350)
calls=2 -69 
* 412
+2 6
+3 2
+3 8
-3 2
+3 4
cfi=(112)
cfn=(504) _IO_no_init
calls=2 599 
* 116
+4 2
+1 2
-1 2
+1 2
cfi=(113)
cfn=(508) _IO_file_init@@GLIBC_2.2.5
calls=2 +62 
* 188
+4 10
cfi=(113)
cfn=(512) _IO_file_fopen@@GLIBC_2.2.5
calls=2 249 
* 285
* 2
+1 2
-1 2
+6 10
-5 2
cfn=(522)
calls=2 -46 
* 8

fl=(149) /build/glibc-LK5gWL/glibc-2.23/debug/snprintf_chk.c
fn=(1438) __snprintf_chk
29 4
+4 1
+1 1
-1 5
+1 1
cfi=(150) /build/glibc-LK5gWL/glibc-2.23/debug/vsnprintf_chk.c
cfn=(1440) __vsnprintf_chk
calls=1 -3 
* 758
+4 2

fl=(112)
fn=(506) _IO_old_init
586 3
-16 3
+1 3
+15 3
+5 3
-21 3
+2 3
+1 3
+1 3
+17 3
-16 3
+1 3
+1 3
+1 3
+1 3
+1 3
+2 3
+1 3
+1 3
+1 3
+6 3
+1 9

fn=(538) _IO_doallocbuf
395 6
-1 9
+3 12
+1 9
cfi=(117)
cfn=(540)
calls=3 95 
* 1512
* 6
+3 12

fn=(550) _IO_switch_to_get_mode
176 10
-1 10
+1 5
+3 15
+5 5
-1 10
+1 5
+7 5
-4 5
+2 10
+2 5
+1 5
+1 10

fn=(822) _IO_default_uflow
413 2
-1 4
+1 2
cfi=(113)
cfn=(548) _IO_file_underflow@@GLIBC_2.2.5
calls=2 539 
* 680
+1 4
+2 4
+1 4

fn=(504)
599 27
+1 3
cfn=(506)
calls=3 -14 
* 72
+3 3
-2 3
+2 3
+2 2
+1 2
+1 2
+1 2
+1 2
+1 2
+1 2
+1 2
+1 2
+1 2
+1 2
+1 2
+2 2
+7 2
+1 12
-1 1
+1 6
-3 2

fn=(546) __underflow
316 3
+2 10
+6 18
+3 6
+2 6
+6 6
+7 6
+1 3
-1 6
cfi=(113)
cfn=(548)
calls=3 539 
* 217
-24 4
+22 9

fn=(852) _IO_default_finish
639 8
+2 6
+6 6
+3 6
60 4
662 8

fn=(544)
380 18
+1 28
+3 6
+2 24
-3 6
+3 12
+3 24
-7 2
cob=(2)
cfi=(16)
cfn=(386)
calls=2 0 
* 280
* 10

fn=(892)
425 14
-3 50
+8 364
+2 6
+3 4
+10 6
+5 6
-1 4
+1 9
-1 6
+2 6
+2 2
+2 612
cfi=(113)
cfn=(888) _IO_file_overflow@@GLIBC_2.2.5
calls=86 808 
* 2939
* 172
+2 86
-2 172
+4 5
+1 5
-1 5
+1 29

fn=(1822) _IO_flush_all_lockp
760 8
+6 3
+11 2
+16 2
-17 2
-1 2
+1 3
-1 1
+1 1
+3 9
+10 6
+4 3
-2 3
+2 6
+7 3
-27 6
+31 2
+2 2
+4 9
-38 1
-6 1
+5 1
+2 2
+6 12

fn=(820) __uflow
348 2
+2 6
+6 12
+3 4
+2 4
+6 4
+7 4
+1 2
-1 4
cfn=(822)
calls=2 +39 
* 700
-24 4
+22 6

fn=(1458)
673 2
+3 2
-3 2
+3 4
+1 8
+9 2
+3 4
-10 6

fn=(534)
467 30
cfi=(113)
cfn=(536) _IO_file_xsgetn
calls=10 1360 
* 2643

fn=(840)
60 8
-1 8
+5 12
+1 20
+2 2
-2 2
+1 2
+1 2
-2 2
+2 2
-2 2
+2 14
+2 1
-2 3
+2 2
+2 4
+13 2
+2 2
-2 2
+2 9
+2 2
-1 2
+1 16
+1 4
+3 10
-6 9
-17 3
+4 2
+1 2
-1 4

fn=(844) _IO_unsave_markers
1049 2
-2 2
+2 2
+19 6
+2 2

fn=(510) _IO_link_in
98 12
-1 4
+3 4
-3 2
+5 2
-2 2
+2 10
+1 20
+2 2
-2 2
+1 2
+1 2
-2 2
+2 2
-2 2
+2 26
+2 2
-2 2
+4 2
+2 2
-3 2
-1 2
+4 14
+2 2
-1 2
+1 16
+1 4
+3 10
-6 14

fn=(926) __overflow
230 12
+2 12
cfi=(113)
cfn=(888)
calls=4 808 
* 536

fn=(1820) _IO_cleanup
948 2
+3 1
-3 2
-50 1
+50 1
+3 1
cfn=(1822)
calls=1 760 
* 90
-63 1
+63 1
-63 2
+10 3
+8 5
+2 2
+2 1
+1 1
-1 1
+2 2
+3 5
cfi=(113)
cfn=(1824) _IO_file_setbuf@@GLIBC_2.2.5
calls=1 450 
* 66
+2 3
+4 2
+7 3
-40 9
+2 6
+2 7
+6 12
+65 7
-42 3
+1 8

fn=(1826) _IO_default_setbuf
522 4
+1 1
-1 2
+1 1
cfi=(113)
cfn=(1828) _IO_file_sync@@GLIBC_2.2.5
calls=1 868 
* 13
* 2
+9 1
-7 1
+7 1
-7 1
388 1
-5 1
+1 1
+4 1
535 1
+2 1
-2 2
+1 3
+2 4
381 1
527 1
+1 1
-1 1
+1 1
381 4

fl=(150)
fn=(1440)
31 7
+5 2
+11 4
-5 1
+5 4
+6 6
cfi=(112)
cfn=(504)
calls=1 599 
* 44
+1 1
+5 1
-5 1
+1 1
+4 1
+1 1
+2 5
cfi=(151) /build/glibc-LK5gWL/glibc-2.23/libio/strops.c
cfn=(1442) _IO_str_init_static_internal
calls=1 -26 
* 53
+1 4
cfi=(142)
cfn=(884)
calls=1 1236 
* 609
+2 3
+1 2
+2 8

fl=(151)
fn=(1442)
36 8
+4 2
+6 5
cfi=(112)
cfn=(544)
calls=1 380 
* 18
+5 1
-3 1
+1 1
+1 1
+1 1
+2 1
+1 1
+1 1
+9 1
+1 6
-23 1
+1 4

fl=(50) /build/glibc-LK5gWL/glibc-2.23/string/../sysdeps/x86_64/multiarch/strcspn.S
fn=(190) strpbrk
45 1
+1 1
+1 1
+1 1
+1 1
+1 1

fn=(186) strcspn
45 1
+1 1
+1 1
+1 1
+1 1
+1 1

fl=(156)
fn=(1760)
104 1
-1 1
+1 2
cfn=(1762) __run_exit_handlers
calls=1 -69 
* 1145

fn=(1762)
35 8
+5 1
cfi=(157) /build/glibc-LK5gWL/glibc-2.23/stdlib/cxa_thread_atexit_impl.c
cfn=(1764) __call_tls_dtors
calls=1 145 
* 11
* 1
+6 8
+4 6
+3 1
-1 1
+2 5
+33 1
+1 1
-1 1
+1 1
+6 2
+1 5
cfi=(112)
cfn=(1820)
calls=1 948 
* 248
* 3
+2 2
cfi=(161)
cfn=(1830)
calls=1 -70 
* 5
-19 1
+4 1
-4 1
+2 1
+2 1
-2 2
+2 1
cob=(1)
cfi=(158) /build/glibc-LK5gWL/glibc-2.23/elf/dl-fini.c
cfn=(1766) _dl_fini
calls=1 +48 
* 825
+1 1

fl=(87)
fn=(346)
24 81
+1 81
+1 81
+1 81
+1 81
+1 81
+1 81
+1 81
+1 79
+1 79
+1 79
+1 79
+1 79
+1 79
+1 79
+1 79
+1 79
+1 60
+2 60
+7 60
+4 19
+1 19
+1 19
+1 19
+1 19
+1 19
+1 19
+1 19
+1 19
+1 19
+1 19
+1 19
+1 19
+1 19
+1 19
+1 19
+1 19
+1 19
+1 19
+1 19
+1 19
+1 19
+1 19
+1 19
+52 21
+2 21
+7 21
+4 2
+1 2
+1 2
+1 2
+1 2
+1 2
+1 2
+1 2
+1 2
+1 2
+1 2
+1 2
+1 2
+1 2
+1 2
+1 2
+1 2
+1 2
+1 2
+1 2
+1 2
+1 2
+1 2
+1 2
+1 2
+1 2
+1 2
+1 2
+1 2
+1 2
+1 2
+1 2
+1 2
+1 2
+1 2
+1 2
+1 2
+1 2

fl=(79)
fn=(330)
50 4
+7 4
+7 4
-20 20
+22 8
cfi=(80)
cfn=(332)
calls=2 -41 
* 38
+1 2
-1 2
+1 2
-9 2
+18 16

fl=(147) /build/glibc-LK5gWL/glibc-2.23/libio/putchar.c
fn=(924) putchar
25 1
+2 1
-2 1
+2 17
+1 3
fi=(118)
866 2
+1 8
fe=(147)
31 3
-3 2
cfi=(112)
cfn=(926)
calls=1 230 
* 140
* 2

fl=(157)
fn=(1764)
145 3
+1 4
+18 4

fl=(109)
fn=(448)
1169 2
+3 6
+1 6
+2 10
cfn=(450) _getopt_internal_r
calls=2 394 
* 724
+4 2
+1 2
-1 2
+1 4
+1 6
+2 4
+1 4

fn=(450)
394 18
+3 2
-3 8
+1 2
-1 2
+1 2
+2 2
+5 4
-2 2
+2 4
282 1
-4 2
+2 1
+2 1
cfi=(76)
cfn=(322)
calls=1 34 
* 464
* 1
+4 1
-4 4
+4 3
+5 2
+6 5
408 2
+5 1
+14 1
-14 2
+14 1
-14 1
+14 1
-14 1
+14 1
-14 2
+14 1
-14 1
+14 3
+94 2
+1 11
+1 3
826 1
+1 1
-1 3
+1 1
-1 1
+1 1
cfi=(86)
cfn=(344)
calls=1 24 
* 23
+3 3
+3 5
+37 3
1095 4
402 6
+8 5
1163 8
433 6
+2 6
+3 4
+24 7
+21 2
+1 1
1163 1
485 1
1163 7
831 2
491 3
+12 7
-1 3
-59 6
+2 4
+7 9
+1 1
-1 9
+10 2
-8 2
+8 5
-16 4
+1 2

fl=(132)
fn=(814)
37 166
+2 83
-7 332
+7 83
+11 166
+2 249
-2 83
+1 166
+1 249
-2 83
+2 83
cfi=(133) /build/glibc-LK5gWL/glibc-2.23/libio/iogetline.c
cfn=(816) _IO_getline
calls=83 -18 
* 13689
+3 249
+2 1
+6 1
+1 1
-1 1
+2 4
-2 82
+1 82
-1 82
+2 328
-10 164
+5 246

fl=(146)
fn=(916)
37 24
+8 12
-8 48
+7 24
+2 12
+1 12
-1 12
+8 60
+8 24
+2 60
cfi=(113)
cfn=(886)
calls=12 1287 
* 864
+4 12
-3 12
+3 72

fl=(80)
fn=(332)
25 86
+1 86
+2 86
+1 86
+1 86
+1 86
+2 86
+1 86
+2 86
+1 86
+2 71
+1 71
+1 71
+1 71
+2 71
+1 64
+1 64
+1 60
+1 60
+1 60
+1 60
+1 60
+1 60
+1 58
+4 15
+1 15
+1 15
+2 15
+2 15
+2 15
+1 15
+1 15
+12 15
+1 15
+1 15
+1 15
+1 15
+1 30
+4 15
+1 15
+1 15
+1 15
+1 15
-4 58
+1 58
+1 58
+1 58
+1 58
+2 56
+1 56
+1 56
+1 56
+1 56
+2 25
+1 25
+1 25
+1 25
+1 25
+2 20
+1 20
+1 20
+1 20
+1 20
+1 20
+2 4
+1 4
+2 4
+1 4
+2 4
+1 4
+1 4
+1 4
+1 4
+76 2
+1 2
+2 1
+1 1
+1 1
+1 1
+1 1
+2 1
+1 1
+1 1
+1 1
+1 1
+19 1
+1 1
+1 1
+1 1
+1 1
+1 1
+1 1
+1 1
+2 1
+1 1
+1 1
+1 1
+6 16
+1 16
+1 16
+4 21
+1 21
+1 21
+4 32
+1 32
+1 32
+4 5
+1 5
+1 5
+4 7
+1 7
+1 7
+1 7
+1 7
+4 1
+1 1
+1 1
+1 1
+1 1
+20 4
+1 4

fl=(106) /build/glibc-LK5gWL/glibc-2.23/intl/bindtextdom.c
fn=(416) bindtextdomain
319 2
85 1
319 5
82 4
322 9
91 5
+4 4
310 2
+2 3
189 1
+5 1
-5 1
+12 2
cfi=(77)
cfn=(324)
calls=1 66 
* 16
+1 1
-1 1
+1 1
cob=(2)
cfi=(16)
cfn=(350)
calls=1 0 
* 297
+3 1
-3 1
+3 1
+3 4
cfi=(98)
cfn=(384)
calls=1 61 
* 22
+11 3
cfi=(75)
cfn=(320)
calls=1 -75 
* 86
* 2
+54 1
-34 1
+31 1
+3 1
+4 1
-1 1
+1 2

fl=(114) /build/glibc-LK5gWL/glibc-2.23/io/../sysdeps/unix/syscall-template.S
fn=(554) read
84 12
cfn=(556) __read_nocancel
calls=6 * 
* 30

fn=(516) open
84 2
cfn=(518) __open_nocancel
calls=1 * 
* 5

fn=(556)
84 30

fn=(896) write
84 40
cfn=(898) __write_nocancel
calls=20 * 
* 100

fn=(518)
84 5

fn=(898)
84 100

fl=(113)
fn=(850)
200 2
+1 2
-1 2
+1 2
+6 4
+1 2
-1 2
cfi=(112)
cfn=(852)
calls=2 639 
* 38

fn=(512)
249 14
+11 4
+2 6
+25 40
+41 12
cfn=(514) _IO_file_open
calls=2 214 
* 82
+3 2
-3 2
+3 2
+17 6
cfi=(115)
cfn=(520)
calls=2 53 
* 71
+1 2
-1 2
+1 2
-62 6
+30 1
+2 2
-53 2
-1 2
-15 4
425 2
-76 2
+76 14
313 3

fn=(508)
144 4
+4 2
-4 4
+5 2
-1 2
+3 2
cfi=(112)
cfn=(510)
calls=2 -53 
* 162
+1 2
+1 8

fn=(1824)
450 2
+1 1
cfi=(112)
cfn=(1826)
calls=1 +71 
* 51
* 2
+4 2
-1 2
+2 3
+2 1
+1 2

fn=(548)
539 15
+6 15
-14 20
+17 10
+13 10
+20 10
cfi=(112)
cfn=(550)
calls=5 176 
* 100
+6 5
+5 20
-5 10
+1 5
+2 5
-1 10
+3 5
cfn=(552) _IO_file_read
calls=5 1216 
* 49
+2 10
+16 4
-9 4
+9 8
+1 4
+1 4
+1 8
-1 4
+1 8
-16 1
-1 1
+1 2
+10 1
+6 1
-5 1
+5 3
-62 3
+5 2
cfi=(112)
cfn=(538)
calls=1 395 
* 537
* 2

fn=(594) _IO_file_seek
1223 18
cfi=(124)
cfn=(596)
calls=9 84 
* 45

fn=(886)
1287 125
-1 250
-6 980
+13 392
+17 4
+4 97
+5 388
cfi=(97)
cfn=(382)
calls=97 61 
* 2299
* 97
+6 97
-1 97
+1 194
+2 194
+27 196
+1 811
-24 5
cfn=(888)
calls=1 808 
* 701
* 2
+6 32
+1 48
+2 48
+11 32
+1 12
cfi=(112)
cfn=(892)
calls=3 425 
* 4393
* 6
-57 291
+1 194
+3 291
+2 2668
-2 1904
+39 64
-35 15
+11 75
+17 60
cfn=(888)
calls=15 808 
* 1740
* 30

fn=(514)
214 12
+3 4
+1 6
+7 4
+3 4
+3 2
-3 2
-1 2
+1 4
+3 2
-3 2
+3 2
+10 4
cfi=(112)
cfn=(510)
calls=2 98 
* 8
+1 2
+1 8
-22 4
cfi=(114)
cfn=(516)
calls=1 84 
* 7
* 3

fn=(592)
986 63
+8 18
+6 72
+3 18
+25 36
1137 72
1003 18
+12 18
+48 8
+1 8
-1 8
+1 16
+3 8
-1 24
+2 28
+2 4
+5 4
-5 8
+3 8
-3 4
+3 4
+2 4
-5 4
+63 4
-63 4
+63 4
+1 16
cfn=(594)
calls=4 +89 
* 28
* 4
-71 28
+17 10
+4 10
+1 5
-1 10
+2 5
+5 5
-7 5
+1 5
+1 5
+5 5
-5 5
+5 10
cfn=(594)
calls=5 1223 
* 35
+1 5
-1 5
+1 5
+2 10
+4 30
cfn=(552)
calls=3 1216 
* 33
+3 9
-9 4
+3 2
+14 2
+3 2
+1 2
-1 2
-3 10
+2 6
+3 2
-5 3
+3 3
+1 3
-1 3
-3 15
+2 9
+3 3

fn=(888)
808 318
+7 106
-8 530
+8 526
+35 212
+3 180
+3 270
+1 270
+1 360
+4 90
+1 360
-45 2
+12 2
+9 4
+8 1
-4 1
+3 2
-2 2
-3 1
+1 2
+5 1
-1 1
+1 3
+1 2
+12 5
-1 20
cfn=(890) _IO_do_write@@GLIBC_2.2.5
calls=5 494 
* 470
* 10
-8 32
+12 48
-12 16
cfn=(890)
calls=16 494 
* 1414
-31 2
cfi=(112)
cfn=(538)
calls=1 395 
* 647
+1 6

fn=(894) _IO_file_write@@GLIBC_2.2.5
1258 20
-2 120
+2 80
+4 40
+1 40
+10 60
+3 120
-13 80
cfi=(114)
cfn=(896)
calls=20 84 
* 140
+1 40
+5 20
+1 20
-12 100

fn=(846) _IO_file_close
1250 10
+1 2

fn=(542)
1229 3
+1 9
cfi=(99)
cfn=(392)
calls=3 34 
* 30

fn=(842)
160 6
-2 4
+9 2
-9 2
+5 10
+6 2
+3 2
-3 2
cfi=(112)
cfn=(844)
calls=2 1049 
* 14
+3 4
+4 6
+9 10
cfi=(112)
cfn=(544)
calls=2 380 
* 338
+1 4
+3 2
-3 2
+1 6
+2 2
cfi=(112)
cfn=(840)
calls=2 60 
* 6
+5 4
-4 2
+1 2
+1 2
+2 2
+1 8
-23 6
cfn=(846)
calls=2 1250 
* 12
* 4

fn=(890)
494 63
+1 1
-3 160
+11 40
+7 80
+8 100
cfn=(894)
calls=20 1258 
* 880
* 20
+1 100
+6 20
-4 20
+4 20
-4 60
+1 40
+3 20
-2 20
-29 80
+1 120
+29 40

fn=(536)
1360 70
+7 10
-7 10
+7 10
+11 40
+2 30
+1 20
-1 9
+1 6
+8 6
+13 6
+9 9
+1 12
-34 6
+6 10
+68 10
+1 10
-1 10
+1 50
-70 30
cfi=(98)
cfn=(384)
calls=10 61 
* 1565
+1 20
+30 6
cfi=(112)
cfn=(546)
calls=3 316 
* 294
* 6
-44 3
+5 2
cfi=(112)
cfn=(538)
calls=1 395 
* 382
* 1

fn=(1828)
868 1
+5 1
-5 1
+5 3
+2 1
+1 2
+17 2
+4 2

fn=(552)
1216 16
-1 10
+2 2
-1 12
cfi=(114)
cfn=(554)
calls=6 84 
* 42

fl=(85) /build/glibc-LK5gWL/glibc-2.23/misc/../sysdeps/unix/sysv/linux/getpagesize.c
fn=(342) getpagesize
28 8
+2 2

fl=(125) /build/glibc-LK5gWL/glibc-2.23/libio/fseek.c
fn=(688) fseek
32 8
+3 8
-3 16
+3 112
+1 32
cfi=(123)
cfn=(590)
calls=8 +4 
* 887
* 32
fi=(118)
866 16
+1 64
fe=(125)
39 24

fl=(91)
fn=(358)
258 6
+13 1
-8 1
+8 1
+6 3
+2 5
+16 2
-56 69
-18 210
+2 138
+1 2
+1 2
340 2
+6 2
+1 2
+2 1
+1 7
-78 5
cfi=(92)
cfn=(360)
calls=1 126 
* 57796
* 2
+1 4

fl=(133)
fn=(818) _IO_getline_info
49 830
+2 83
-2 249
+2 83
+2 249
+2 332
+29 82
+1 164
-1 82
+1 164
cfi=(80)
cfn=(332)
calls=82 -60 
* 3132
+1 82
-1 82
+1 82
-29 252
+1 168
+2 4
cfi=(112)
cfn=(820)
calls=2 348 
* 752
+1 4
+6 2
+11 1
-1 2
-22 4
+52 8
-18 82
+1 82
-2 82
+1 82
-1 82
+2 164
+2 82
+2 164
+2 410
cfi=(98)
cfn=(384)
calls=82 -35 
* 4494
+1 82
+1 82
-1 82
+10 656
-44 2
-9 2

fn=(816)
34 166
cfn=(818)
calls=83 +15 
* 13523

fl=(148) /build/glibc-LK5gWL/glibc-2.23/libio/putc.c
fn=(1088) putc
25 3
+3 3
-3 6
+3 42
+1 9
fi=(118)
866 6
+1 24
fe=(148)
32 9
-3 9
cfi=(112)
cfn=(926)
calls=3 230 
* 420
* 6

fl=(75)
fn=(862)
118 126
+2 126
+1 126
+23 126
+1 126
+2 126
+1 126
+14 126
+2 126
+2 126
+3 126
+1 126
+1 93
+1 93
+1 69
+1 69
+1 69
+1 69
+17 966
+4 69
+1 69
+1 69
+1 69
+1 69
+1 69
+1 69
+15 57
+1 57
+1 57
+1 57
+1 57
+1 57
+1 57
+1 57
+1 54
+1 27
+1 27
+1 27
+2 27
+1 27
+1 27
+1 27
+1 27
+1 27
-5 27
+1 27
+1 27
+1 27
+1 27
+1 27
+10 3
+1 3
+1 3
+4 3
+1 42
+1 3
+2 3
+1 3
+1 3
+1 3
+1 3
+5 3
571 2
+1 2
+1 2
+1 2
+1 2
+1 28
+1 2
+1 2
+1 2
+1 2
+1 2
+1 2
+1 2
696 3
+1 3
+1 3
+1 3
+1 3
+1 42
+1 3
+1 3
+1 3
+1 3
+1 3
+1 3
+1 3
821 2
+1 2
+1 2
+1 2
+1 2
+1 28
+1 2
+1 2
+1 2
+1 2
+1 2
+1 2
+1 2
946 3
+1 3
+1 3
+1 3
+1 3
+1 42
+1 3
+1 3
+1 3
+1 3
+1 3
+1 3
+1 3
1071 7
+1 7
+1 7
+1 7
+1 7
+1 98
+1 7
+1 7
+1 7
+1 7
+1 7
+1 7
+1 7
1196 4
+1 4
+1 4
+1 4
+1 4
+1 56
+1 4
+1 4
+1 4
+1 4
+1 4
+1 4
+1 4
1321 7
+1 7
+1 7
+1 7
+1 7
+1 98
+1 7
+1 7
+1 7
+1 7
+1 7
+1 7
+1 7
+1 1
+4 1
+1 1
+1 1
+6 1
+1 1
+1 2
+4 1
+1 1
+3 1
+1 1
+1 1
+3 1
+1 1
+1 1
+4 14
+2 1
+1 1
+1 1
+1 1
+1 1
+1 1
+72 3
+1 3
+1 3
+1 3
+1 3
+1 42
+1 3
+1 3
+1 3
+1 3
+1 3
+1 3
+1 3
1571 4
+1 4
+1 4
+1 4
+1 4
+1 56
+1 4
+1 4
+1 4
+1 4
+1 4
+1 4
+1 4
+1 1
+4 1
+1 1
+1 1
+6 1
+1 1
+1 2
+4 1
+1 1
+3 1
+1 1
+1 1
+3 1
+1 1
+1 1
+4 14
+2 1
+1 1
+1 1
+1 1
+1 1
+1 1
+72 3
+1 3
+1 3
+1 3
+1 3
+1 42
+1 3
+1 3
+1 3
+1 3
+1 3
+1 3
+1 3
1821 7
+1 7
+1 7
+1 7
+1 7
+1 98
+1 7
+1 7
+1 7
+1 7
+1 7
+1 7
+1 7
+1 1
+4 1
+1 1
+1 1
+6 1
+1 1
+1 2
+4 1
+1 1
+3 1
+1 1
+1 1
+3 1
+1 1
+1 1
+4 14
+2 1
+1 1
+1 1
+1 1
+1 1
+1 1
+72 4
+1 4
+1 4
+1 4
+1 4
+1 56
+1 4
+1 4
+1 4
+1 4
+1 4
+1 4
+1 4
2071 5
+1 5
+1 5
+1 5
+1 5
+1 70
+1 5
+1 5
+1 5
+1 5
+1 5
+1 5
+1 5
2200 3
+2 3
+1 3
+1 3
+1 3
-3 54
+1 54
+1 54
+1 54
+1 81
+5 27
+6 27
+1 27
+3 27
+1 27
+1 27
+3 27
+1 27
-16 99
+6 99
+1 99
+3 99
+1 99
+1 99
+3 99
+1 99

fn=(320)
144 94
+1 94
+2 94
+1 94
+21 94
+1 94
+1 64
+1 64
+1 64
+1 64
+1 64
+1 64
+21 64
+1 64
+1 64
+1 64
+1 64
+1 64
+1 64
+5 53
+1 53
+9 53
+1 53
+1 53
+1 53
+1 53
+1 53
+1 53
+1 53
-7 30
+1 30
+1 30
+1 30
+1 30
+1 30
+1 30
+1 30
+1 31
+1 1
+1 1
+1 1
+2 1
+1 1
+1 1
+1 1
+1 1
+1 1
-5 30
+1 30
+1 30
+1 30
+1 30
+1 30
+10 52
+1 52
+1 52
+2 52
+6 52
+1 52
+1 52
+1 52
+1 52
+5 52
+2 33
+1 33
+1 66
+8 33
+1 33
+3 33
+1 33
+1 33
+1 33
+1 33
+1 33
+6 5
+1 5
+1 5
+3 5
+1 5
+1 5
+1 5
+1 5
+1 5
+15 1
+1 1
+1 1
+1 1
+1 1
+2 1
+1 1
+1 1
+1 1
+1 1
+1 1
+1 1
+1 1
+3 1
+1 1
+1 1
+6 1
+1 1
+1 2
+4 1
+1 1
+3 1
+1 1
+1 1
+3 1
+1 1
+1 1
+6 1
+1 1
+1 1
+1 1
+1 1
+1 1
1196 29
+1 29
+1 29
+1 29
+1 29
+2 29
+1 29
+1 29
+1 29
+1 29
+1 29
+1 29
+1 29
+4 29
+1 29
+1 29
+6 29
+1 29
+1 58
+4 29
+1 29
+3 29
+1 29
+1 29
+3 29
+1 29
+1 29
+6 29
+1 29
+1 29
+1 29
+1 29
+1 29
+72 1
+1 1
+1 1
+1 1
+1 1
+2 1
+1 1
+1 1
+1 1
+1 1
+1 1
+1 1
+1 1
+4 1
+1 1
+1 1
+6 1
+1 1
+1 2
+4 1
+1 1
+3 1
+1 1
+1 1
+3 1
+1 1
+1 1
+6 1
+1 1
+1 1
+1 1
+1 1
+1 1
2200 64
+2 64
+1 64
+1 64
+1 64
-3 19
+1 19
+1 19
+1 19
+1 3
+5 1
+6 1
+1 1
+8 1
+1 1
-16 93
+6 93
+1 93
+8 93
+1 93

fn=(326)
138 36
+1 36
+1 36
+1 36
+1 36
+2 36
+1 36
+2 36
+1 36
+21 36
+1 36
+1 34
+1 34
+1 34
+1 34
+1 34
+1 34
+21 34
+1 34
+1 34
+1 34
+1 34
+1 34
+1 34
+15 2
+1 2
+1 2
+1 2
+1 2
+1 2
+1 2
+1 2
+1 2
+5 2
+1 2
+1 2
+1 2
+1 2
+1 2
1696 2
+1 2
+1 2
+1 2
+1 2
+2 2
+1 2
+1 2
+1 2
+1 2
+1 2
+1 2
2202 2
+1 2
+1 2
+1 2
+6 36
+3 36
+1 36
+2 3
+1 3
+8 3
+1 3
+3 33
+1 33

fl=(81)
fn=(334)
135 20
+19 2
-18 2
+18 2
cfi=(82) /build/glibc-LK5gWL/glibc-2.23/posix/../sysdeps/unix/sysv/linux/x86/sysconf.c
cfn=(336) sysconf
calls=2 32 
* 66
+6 6
+1 6
cfi=(75)
cfn=(320)
calls=1 -17 
* 24
* 2
+3 1
-1 1
+1 1
500 16
170 3
cfi=(86)
cfn=(344)
calls=1 24 
* 23
+1 4
+24 2
+76 2
cfi=(77)
cfn=(324)
calls=1 66 
* 16
fi=(101) /build/glibc-LK5gWL/glibc-2.23/locale/hashval.h
37 1
-1 1
+1 4
+3 1
-1 2
+1 1
-3 2
+3 9
-1 18
+1 9
-3 18
fe=(81)
278 7
+3 4
+1 2
-1 1
+1 9
fi=(101)
42 4
fe=(81)
288 3
+4 3
+1 7
cfi=(75)
cfn=(320)
calls=1 144 
* 65
* 6
+10 3
+8 45
+2 26
+2 60
+4 12
-7 12
+7 12
+1 24
-8 12
461 2
cob=(2)
cfi=(16)
cfn=(350)
calls=1 0 
* 196
+1 1
-1 1
+1 1
+3 2
cfi=(102)
cfn=(398)
calls=1 40 
* 160
+1 1
-1 1
+1 1
+6 2
+1 3
-1 50
+4 26
+2 60
cfi=(103)
cfn=(400)
calls=12 66 
* 10054
* 12
+3 12
-3 12
+3 12
+4 12
-1 12
+10 12
-9 12
-10 24
+24 1
-1 2
+1 2
173 4
cfi=(87)
cfn=(346)
calls=1 24 
* 20
+1 2
-1 1
+1 3
cfi=(88)
cfn=(348)
calls=1 311 
* 59501
+1 1
-1 1
+1 1
+2 4
cfi=(75)
cfn=(326)
calls=1 -39 
* 31
* 2
+5 2
cfi=(77)
cfn=(324)
calls=1 66 
* 16
+1 1
-1 1
+1 1
cfi=(77)
cfn=(324)
calls=1 66 
* 16
+1 1
-1 1
+2 1
-1 8
+1 1
+3 1
-3 1
cfi=(97)
cfn=(382)
calls=1 61 
* 22
* 4
cfi=(97)
cfn=(382)
calls=1 61 
* 18
* 5
cfi=(98)
cfn=(384)
calls=1 61 
* 18
+5 2
cob=(2)
cfi=(16)
cfn=(386)
calls=1 0 
* 101
* 1
+13 1
+3 3
-3 1
+3 5
+1 2
+4 4
cfi=(99)
cfn=(392)
calls=1 34 
* 10
* 2
+15 1
+2 7
cfi=(100)
cfn=(394)
calls=1 33 
* 33
+1 1
-1 1
+1 1
+7 17
+20 3
+4 1
+2 2

fl=(139)
fn=(870)
25 2
+1 2
+2 2
+1 2
+2 2
+1 2
+2 2
+1 2
+2 2
+1 2
+2 2
+1 2
+2 2
+1 2
+1 2
+1 2
+28 2
+1 2
+1 2
+1 2
+1 2
+2 1
+1 1
+1 1
+1 1
+1 1
+99 1
+1 1
+1 1
+4 1
+1 1
+1 1

fl=(82)
fn=(336)
32 6
+1 2
-1 2
+1 4
fi=(83) /build/glibc-LK5gWL/glibc-2.23/posix/../sysdeps/unix/sysv/linux/x86/../sysconf.c
+39 12
+29 2
-29 2
fi=(84) /build/glibc-LK5gWL/glibc-2.23/posix/../sysdeps/posix/sysconf.c
-19 12
fe=(82)
-16 8
fi=(84)
214 2
cfi=(85)
cfn=(342)
calls=2 28 
* 10
* 4
fe=(82)

fl=(51) /build/glibc-LK5gWL/glibc-2.23/string/../sysdeps/x86_64/multiarch/strspn.S
fn=(192) strspn
30 1
+1 1
+1 1
+1 1
+1 1
+1 1

fl=(60)
fn=(236)
24 1
+1 1
+1 1
+1 1
+1 1
+1 1
+1 1
+1 1
+1 1
+1 1
+1 1
+1 1
+1 1
+1 1
+1 1
+1 1
+1 1
+1 1
+1 1
+1 1
+1 1
+1 1
+1 1
+1 1

ob=(4) /usr/lib/valgrind/vgpreload_core-amd64-linux.so
fl=(55) ???
fn=(220) 0x0000000000000650
0 17

fn=(1780) 0x0000000000000610
0 8
cob=(2)
cfi=(16)
cfn=(1786)
calls=1 0 
0 57
0 1
cfn=(1794) 0x0000000000000580
calls=1 0 
0 9
0 3

fn=(1794)
0 9

ob=(6)
fl=(66)
fn=(782) 0x000000000041bdb0
0 25
cfn=(786) 0x0000000000437c90
calls=1 0 
0 5
0 17
cob=(3)
cfi=(89)
cfn=(388)
calls=1 2934 
0 100
0 1
0 7
cob=(1)
cfi=(67)
cfn=(273)
calls=1 71 
0 70692
0 5
0 4
cob=(1)
cfi=(67)
cfn=(273)
calls=1 71 
0 2681
0 5
0 4
cob=(3)
cfi=(126)
cfn=(798)
calls=1 46 
0 1506
0 1
0 6
cob=(3)
cfi=(141)
cfn=(882)
calls=1 26 
0 304
0 1
0 7
cob=(3)
cfi=(141)
cfn=(882)
calls=1 26 
0 699
0 1
0 90
cob=(3)
cfi=(141)
cfn=(882)
calls=15 26 
0 11667
0 15
0 35
cob=(1)
cfi=(67)
cfn=(273)
calls=1 71 
0 1173
0 5
0 11
cob=(3)
cfi=(126)
cfn=(798)
calls=1 46 
0 1497
0 1
0 5
cob=(3)
cfi=(141)
cfn=(882)
calls=1 26 
0 955
0 1
0 7
cob=(3)
cfi=(126)
cfn=(798)
calls=1 46 
0 1497
0 1
0 6
cob=(3)
cfi=(141)
cfn=(882)
calls=1 26 
0 1113
0 1
0 7
cob=(3)
cfi=(126)
cfn=(798)
calls=1 46 
0 1497
0 1
0 7
cob=(3)
cfi=(141)
cfn=(882)
calls=1 26 
0 1371
0 1
0 2
cfn=(958) 0x00000000004097a0
calls=1 0 
0 8
0 5
cob=(3)
cfi=(126)
cfn=(798)
calls=1 46 
0 1497
0 1
0 5
cob=(3)
cfi=(141)
cfn=(882)
calls=1 26 
0 1024
0 1
0 5
cob=(3)
cfi=(126)
cfn=(798)
calls=1 46 
0 1497
0 1
0 5
cob=(3)
cfi=(141)
cfn=(882)
calls=1 26 
0 1015
0 1
0 2
cfn=(974) 0x00000000004035f0
calls=1 0 
0 1506
0 5
cob=(3)
cfi=(126)
cfn=(798)
calls=1 46 
0 1497
0 1
0 5
cob=(3)
cfi=(141)
cfn=(882)
calls=1 26 
0 1066
0 1
0 2
cfn=(986) 0x00000000004036c0
calls=1 0 
0 29
0 5
cob=(3)
cfi=(126)
cfn=(798)
calls=1 46 
0 1497
0 1
0 5
cob=(3)
cfi=(141)
cfn=(882)
calls=1 26 
0 1113
0 1
0 5
cob=(3)
cfi=(126)
cfn=(798)
calls=1 46 
0 1497
0 1
0 5
cob=(3)
cfi=(141)
cfn=(882)
calls=1 26 
0 1057
0 1
0 4
cob=(3)
cfi=(126)
cfn=(798)
calls=1 46 
0 1497
0 1
0 4
cob=(3)
cfi=(141)
cfn=(882)
calls=1 26 
0 475
0 1
0 3
cfn=(1030) 0x0000000000406760
calls=1 0 
0 940
0 4
cob=(3)
cfi=(126)
cfn=(798)
calls=1 46 
0 1497
0 1
0 4
cob=(3)
cfi=(141)
cfn=(882)
calls=1 26 
0 2437
0 1
0 3
cfn=(1030)
calls=1 0 
0 570
0 4
cob=(3)
cfi=(126)
cfn=(798)
calls=1 46 
0 1497
0 1
0 4
cob=(3)
cfi=(141)
cfn=(882)
calls=1 26 
0 2450
0 1
0 3
cfn=(1030)
calls=1 0 
0 642
0 4
cob=(3)
cfi=(126)
cfn=(798)
calls=1 46 
0 1497
0 1
0 4
cob=(3)
cfi=(141)
cfn=(882)
calls=1 26 
0 421
0 1
0 10
cob=(3)
cfi=(126)
cfn=(798)
calls=1 46 
0 1497
0 1
0 6
cob=(3)
cfi=(141)
cfn=(882)
calls=1 26 
0 1204
0 1
0 5
cob=(3)
cfi=(126)
cfn=(798)
calls=1 46 
0 1497
0 1
0 5
cob=(3)
cfi=(141)
cfn=(882)
calls=1 26 
0 1062
0 1
0 5
cob=(3)
cfi=(126)
cfn=(798)
calls=1 46 
0 1497
0 1
0 5
cob=(3)
cfi=(141)
cfn=(882)
calls=1 26 
0 1062
0 1
0 5
cob=(3)
cfi=(126)
cfn=(798)
calls=1 46 
0 1497
0 1
0 5
cob=(3)
cfi=(141)
cfn=(882)
calls=1 26 
0 833
0 1
0 8
cob=(1)
cfi=(67)
cfn=(273)
calls=1 71 
0 1180
0 5
0 5
cob=(3)
cfi=(126)
cfn=(798)
calls=1 46 
0 1497
0 1
0 5
cob=(3)
cfi=(141)
cfn=(882)
calls=1 26 
0 1062
0 1
0 5
cob=(3)
cfi=(126)
cfn=(798)
calls=1 46 
0 1497
0 1
0 5
cob=(3)
cfi=(141)
cfn=(882)
calls=1 26 
0 850
0 1
0 9
cob=(3)
cfi=(148)
cfn=(1088)
calls=1 25 
0 179
0 1
0 5
cob=(3)
cfi=(126)
cfn=(798)
calls=1 46 
0 1497
0 1
0 5
cob=(3)
cfi=(141)
cfn=(882)
calls=1 26 
0 850
0 1
0 13
cob=(3)
cfi=(148)
cfn=(1088)
calls=1 25 
0 179
0 1
0 5
cob=(3)
cfi=(126)
cfn=(798)
calls=1 46 
0 1497
0 1
0 2

fn=(1344) 0x0000000000406be0
0 29

fn=(1476) 0x0000000000403410
0 57
cob=(3)
cfi=(155)
cfn=(1492)
calls=22 24 
0 462
cob=(1)
cfi=(67)
cfn=(273)
calls=1 71 
0 1021
0 27
0 418

fn=(1718) 0x00000000004261c0
0 12

fn=(428) 0x00000000004398f0
0 44

fn=(986)
0 29

fn=(284)
0 15
cob=(2)
cfi=(16)
cfn=(286)
calls=1 0 
0 6
0 8
cfn=(294) 0x00000000004023d0
calls=1 0 
0 16
0 11

fn=(294)
0 16

fn=(602) 0x00000000004218a0
0 17
cob=(3)
cfi=(116)
cfn=(532)
calls=1 31 
0 232
0 1
0 31
cob=(3)
cfi=(116)
cfn=(532)
calls=1 31 
0 135
0 1
0 5
cfn=(616) 0x0000000000438a00
calls=1 0 
0 8
0 4
cfn=(616)
calls=1 0 
0 8
0 4
cfn=(616)
calls=1 0 
0 8
0 4
cfn=(616)
calls=1 0 
0 8
0 4
cfn=(616)
calls=1 0 
0 8
0 4
cfn=(616)
calls=1 0 
0 8
0 4
cfn=(616)
calls=1 0 
0 8
0 4
cfn=(616)
calls=1 0 
0 8
0 4
cfn=(616)
calls=1 0 
0 8
0 4
cfn=(616)
calls=1 0 
0 8
0 4
cfn=(616)
calls=1 0 
0 8
0 4
cfn=(616)
calls=1 0 
0 8
0 4
cfn=(616)
calls=1 0 
0 8
0 9
cfn=(656) 0x0000000000405e60
calls=1 0 
0 4311
0 255
cfn=(782)
calls=1 0 
0 145948
0 5
cfn=(1144) 0x000000000040a950
calls=1 0 
0 23854
0 4
cfn=(1344)
calls=1 0 
0 29
0 4
cfn=(1356) 0x00000000004110c0
calls=1 0 
0 10547
0 20
cfn=(1658) 0x00000000004151f0
calls=1 0 
0 32
0 4
cfn=(1672) 0x000000000040fec0
calls=1 0 
0 26
0 13
cob=(3)
cfi=(89)
cfn=(388)
calls=1 2934 
0 146
0 1
0 5
cob=(3)
cfi=(89)
cfn=(388)
calls=1 2934 
0 132
0 1
0 5
cob=(3)
cfi=(89)
cfn=(388)
calls=1 2934 
0 130
0 1
0 6
cob=(3)
cfi=(89)
cfn=(388)
calls=1 2934 
0 166
0 1
0 6
cob=(3)
cfi=(89)
cfn=(388)
calls=1 2934 
0 298
0 1
0 9
cob=(3)
cfi=(89)
cfn=(388)
calls=1 2934 
0 166
0 1
0 8
cfn=(1716) 0x0000000000437e80
calls=1 0 
0 565
0 4
cfn=(1524) 0x000000000040e210
calls=1 0 
0 5083
0 1

fn=(616)
0 7616

fn=(974)
0 8
cob=(3)
cfi=(126)
cfn=(798)
calls=1 46 
0 1497
0 1

fn=(1524)
0 34
cob=(3)
cfi=(89)
cfn=(388)
calls=1 2934 
0 130
0 1
0 333
cob=(3)
cfi=(126)
cfn=(798)
calls=1 46 
0 1497
0 1
0 7
cfn=(672) 0x0000000000404f80
calls=1 0 
0 975
0 132
cfn=(616)
calls=25 0 
0 200
0 202
cfn=(722) 0x0000000000437de0
calls=1 0 
0 191
0 110
cfn=(616)
calls=25 0 
0 200
0 100
cfn=(616)
calls=25 0 
0 200
0 770

fn=(1658)
0 32

fn=(656)
0 48
cob=(3)
cfi=(126)
cfn=(798)
calls=1 46 
0 1497
0 1
0 14
cfn=(672)
calls=1 0 
0 2714
0 7
cfn=(672)
calls=1 0 
0 1106
0 18
cfn=(722)
calls=2 0 
0 624
0 32
cfn=(616)
calls=2 0 
0 16
0 112
cfn=(616)
calls=28 0 
0 224
0 120
cfn=(616)
calls=30 0 
0 240
0 120
cfn=(616)
calls=30 0 
0 240
0 120
cfn=(616)
calls=30 0 
0 240
0 120
cfn=(616)
calls=30 0 
0 240
0 120
cfn=(616)
calls=30 0 
0 240
0 120
cfn=(616)
calls=30 0 
0 240
0 120
cfn=(616)
calls=30 0 
0 240
0 120
cfn=(616)
calls=30 0 
0 240
0 150
cfn=(616)
calls=30 0 
0 240
0 94
cob=(3)
cfi=(89)
cfn=(388)
calls=1 2934 
0 161
cob=(1)
cfi=(67)
cfn=(273)
calls=1 71 
0 1097
0 6
0 14

fn=(312)
0 12
cob=(1)
cfi=(67)
cfn=(273)
calls=1 71 
0 76574
0 5
0 3
cob=(3)
cfi=(74)
cfn=(318)
calls=1 220 
0 4780
0 1
0 3
cob=(1)
cfi=(67)
cfn=(273)
calls=1 71 
0 1591
0 5
0 2
cob=(1)
cfi=(67)
cfn=(273)
calls=1 71 
0 1393
0 5
0 3
cfn=(428)
calls=1 0 
0 44
0 11
cob=(1)
cfi=(67)
cfn=(273)
calls=1 71 
0 1794
0 5
0 6
cob=(3)
cfi=(108)
cfn=(446)
calls=1 64 
0 116
0 1
0 46
cob=(1)
cfi=(67)
cfn=(273)
calls=1 71 
0 1011
0 5
0 9
cob=(1)
cfi=(67)
cfn=(273)
calls=1 71 
0 1540
0 5
0 10
cob=(1)
cfi=(67)
cfn=(273)
calls=1 71 
0 1684
0 5
0 8
cob=(1)
cfi=(67)
cfn=(273)
calls=1 71 
0 1045
0 5
0 6
cob=(3)
cfi=(121)
cfn=(572)
calls=1 47 
0 25
0 1
0 6
cob=(1)
cfi=(67)
cfn=(273)
calls=1 71 
0 1162
0 5
0 5
cfn=(602)
calls=1 0 
0 192371
0 3
cob=(1)
cfi=(67)
cfn=(273)
calls=1 71 
0 1628
0 5
0 20

fn=(1256) 0x00000000004057f0
0 43
cob=(3)
cfi=(126)
cfn=(798)
calls=1 46 
0 1497
0 1
0 7
cfn=(672)
calls=1 0 
0 1122
0 9
cob=(3)
cfi=(89)
cfn=(388)
calls=1 2934 
0 146
0 1
0 9
cfn=(722)
calls=1 0 
0 293
0 336
cfn=(616)
calls=82 0 
0 656
0 328
cfn=(616)
calls=82 0 
0 656
0 984
cfn=(616)
calls=82 0 
0 656
0 328
cfn=(616)
calls=82 0 
0 656
0 328
cfn=(616)
calls=82 0 
0 656
0 328
cfn=(616)
calls=82 0 
0 656
0 495

fn=(1724) 0x0000000000424a70
0 360

fn=(1356)
0 26
cfn=(1362) 0x000000000040ddd0
calls=1 0 
0 3491
0 12
cob=(3)
cfi=(125)
cfn=(688)
calls=1 32 
0 133
0 1
0 130
cfn=(1476)
calls=1 0 
0 1985
0 27
cob=(1)
cfi=(67)
cfn=(273)
calls=1 71 
0 1825
0 5
0 8
cob=(1)
cfi=(67)
cfn=(273)
calls=1 71 
0 2894
0 5
0 5

fn=(1772) 0x0000000000402330
0 8

fn=(722)
0 70
cob=(3)
cfi=(89)
cfn=(352)
calls=5 2902 
0 1206
0 5
0 20

fn=(786)
0 5

fn=(958)
0 8

fn=(1144)
0 50
cob=(3)
cfi=(126)
cfn=(798)
calls=1 46 
0 1506
0 1
0 7
cfn=(672)
calls=1 0 
0 841
0 850
cfn=(656)
calls=1 0 
0 6744
0 1343
cfn=(1256)
calls=1 0 
0 10191
0 4
cob=(3)
cfi=(126)
cfn=(798)
calls=1 46 
0 1506
0 1
0 7
cfn=(672)
calls=1 0 
0 797
0 6

fn=(1362)
0 12
cfn=(722)
calls=1 0 
0 193
0 10
cob=(3)
cfi=(89)
cfn=(388)
calls=1 2934 
0 146
0 1
0 20
cob=(3)
cfi=(126)
cfn=(798)
calls=1 46 
0 1497
0 1
0 7
cfn=(672)
calls=1 0 
0 684
0 14
cfn=(616)
calls=1 0 
0 8
0 32
cfn=(616)
calls=8 0 
0 64
0 45
cfn=(616)
calls=9 0 
0 72
0 36
cfn=(616)
calls=9 0 
0 72
0 36
cfn=(616)
calls=9 0 
0 72
0 36
cfn=(616)
calls=9 0 
0 72
0 36
cfn=(616)
calls=9 0 
0 72
0 36
cfn=(616)
calls=9 0 
0 72
0 45
cfn=(616)
calls=9 0 
0 72
0 28

fn=(1672)
0 26

fn=(1030)
0 28
cob=(3)
cfi=(141)
cfn=(882)
calls=1 26 
0 250
0 1
0 6
cob=(3)
cfi=(141)
cfn=(882)
calls=1 26 
0 665
0 1
0 17
cob=(3)
cfi=(141)
cfn=(882)
calls=2 26 
0 1176
0 2
0 6

fn=(1768) 0x00000000004023b0
0 5
cfn=(1772)
calls=1 0 
0 8
0 3

fn=(672)
0 287
cob=(3)
cfi=(125)
cfn=(688)
calls=6 32 
0 914
cob=(1)
cfi=(67)
cfn=(273)
calls=1 71 
0 1170
0 11
0 70
cob=(3)
cfi=(116)
cfn=(532)
calls=7 31 
0 2214
0 7
0 84
cob=(3)
cfi=(89)
cfn=(352)
calls=6 2902 
0 2216
cob=(1)
cfi=(67)
cfn=(273)
calls=1 71 
0 1213
0 11
0 42

fn=(1716)
0 5
cfn=(1718)
calls=1 0 
0 12
0 4
cfn=(1724)
calls=1 0 
0 10
0 105
cfn=(1724)
calls=35 0 
0 350
0 79

fn=(264) 0x0000000000402300
0 11
cob=(1)
cfi=(67)
cfn=(272) _dl_runtime_resolve_xsave
calls=1 71 
0 289429
0 5

ob=(5) /lib/x86_64-linux-gnu/libz.so.1.2.8
fl=(65) ???
fn=(254) 0x0000000000001e80
0 17

fn=(1812) 0x0000000000001db0
0 9

fn=(1802) 0x0000000000001e40
0 8
cob=(2)
cfi=(16)
cfn=(1808)
calls=1 0 
0 57
0 1
cfn=(1812)
calls=1 0 
0 9
0 3

ob=(1)
fl=(33) /build/glibc-LK5gWL/glibc-2.23/setjmp/../sysdeps/x86_64/setjmp.S
fn=(100) __sigsetjmp
26 5
+9 5
+1 10
+1 5
+4 5
+1 5
+1 5
+1 5
+1 5
+2 10
+2 5
+1 5
+1 5
+2 10
+2 5
+4 5
+1 5

fl=(10) /build/glibc-LK5gWL/glibc-2.23/elf/../sysdeps/x86/cpu-features.c
fn=(20) init_cpu_features.constprop.0
46 2
+16 1
-16 4
+16 1
-16 1
+19 1
-3 1
+3 8
176 3
+1 1
+3 2
+1 1
+2 2
+1 7
+7 3
+4 2
+2 4
+41 2
+75 2
+11 1
+2 1
-1 1
+2 8
-85 4
+1 2
+3 1
+2 1
-2 3
+2 2
+3 2
-50 2
+1 1
+6 3
+2 1
+3 3
+16 2
+1 1
+2 2
+81 2
+1 2
+4 2
30 2
+4 1
-4 1
+5 1
-1 1
+2 1
-1 1
+1 1
-2 1
+1 1
+1 1
+1 1
-7 2
+3 1
+4 1
+5 1
+32 2
-32 1
+27 1
+5 1
+3 1
+1 7
+57 2
-66 2
+44 2
314 2

fl=(2)
fn=(26) dl_main
790 1
+19 1
-19 7
2390 1
790 3
+19 1
+3 1
-22 1
2385 1
812 1
+4 2
+1 2
+5 2
2383 2
+7 4
-4 1
+4 8
+2 2
cfi=(13) /build/glibc-LK5gWL/glibc-2.23/elf/dl-environ.c
cfn=(28) _dl_next_ld_env_entry
calls=1 30 
* 84
* 4
cfi=(13)
cfn=(28)
calls=2 30 
* 365
* 9
+4 50
+1 19
-1 57
+3 4
+6 14
2553 3
+30 3
832 3
1033 7
cfi=(15) /build/glibc-LK5gWL/glibc-2.23/elf/dl-object.c
cfn=(32) _dl_new_object
calls=1 61 
* 250
+2 1
-2 1
+2 1
+1 1
+1 1
+5 2
-5 1
+1 2
+4 1
cfi=(15)
cfn=(48) _dl_add_to_namespace_list
calls=1 32 
* 33
+1 3
799 1
1072 1
-3 1
-5 1
+1 1
+2 1
+5 7
+56 5
-55 24
-1 27
+1 47
1175 5
+3 2
+2 2
+2 3
+13 3
+1 6
cfi=(19) /build/glibc-LK5gWL/glibc-2.23/string/../sysdeps/x86_64/multiarch/../strcmp.S
cfn=(54) strcmp
calls=1 144 
* 44
* 2
+7 1
+3 1
-5 1
+3 1
+2 1
+1 2
+4 2
+2 2
fi=(3) /build/glibc-LK5gWL/glibc-2.23/elf/get-dynamic-info.h
30 1
+9 2
+6 1
-2 1
+2 2
+15 1
+5 1
+3 1
+2 1
-3 1
-3 1
-3 14
+10 3
-26 9
+16 20
+10 20
-26 60
+26 1
-26 3
+2 48
+13 16
+2 4
+16 3
+38 3
+5 2
+7 2
+1 3
+16 3
+14 3
+18 2
fe=(2)
1218 2
cfi=(6) /build/glibc-LK5gWL/glibc-2.23/elf/dl-lookup.c
cfn=(10) _dl_setup_hash
calls=1 956 
* 23
+3 2
fi=(20) /build/glibc-LK5gWL/glibc-2.23/elf/setup-vdso.h
24 2
fe=(2)
1243 1
cfi=(8) /build/glibc-LK5gWL/glibc-2.23/elf/../sysdeps/unix/sysv/linux/dl-sysdep.c
cfn=(60) _dl_discover_osversion
calls=1 45 
* 93
* 8
-75 2
+1 2
+1 1
-6 2
+1 1
-88 3
+1 1
+50 2
-1 8
+2 4
+1 1
+3 2
+1 2
-1 2
+1 2
+1 2
+1 6
+1 2
-43 1
-2 2
+27 1
-25 2
+7 1
-10 1
+10 1
-19 3
+1 1
fi=(3)
65 4
+3 4
+2 4
fe=(2)
2480 1
+1 1
-1 2
+1 3
cfi=(14) /build/glibc-LK5gWL/glibc-2.23/string/../sysdeps/x86_64/multiarch/../memcmp.S
cfn=(30) bcmp
calls=1 24 
* 31
* 2
-55 4
cfi=(14)
cfn=(30)
calls=1 24 
* 18
* 2
+7 4
cfi=(14)
cfn=(30)
calls=1 24 
* 36
* 2
+2 3
+48 3
1248 2
cfi=(22) /build/glibc-LK5gWL/glibc-2.23/elf/dl-load.c
cfn=(64) _dl_init_paths
calls=1 689 
* 1578
+3 3
cfi=(29) /build/glibc-LK5gWL/glibc-2.23/elf/dl-debug.c
cfn=(86) _dl_debug_initialize
calls=1 50 
* 17
+7 1
-7 1
+2 1
+5 1
+3 3
+1 1
+3 1
-3 3
+1 2
+3 1
+5 1
-7 1
+7 1
+1 5
+17 2
+1 2
+5 1
-3 4
+2 2
+1 3
+5 3
+1 5
+2 2
+1 2
+5 2
+5 1
805 1
1314 2
1491 1
cfi=(30) /build/glibc-LK5gWL/glibc-2.23/elf/dl-tls.c
cfn=(88) _dl_count_modids
calls=1 115 
* 4
* 1
+8 3
+3 1
+4 3
+5 1
+1 1
cfi=(29)
cfn=(90) _dl_debug_state
calls=1 74 
* 1
+1 1
+4 3
+15 3
+4 1
-2 1
+2 2
+2 3
+1 1
-1 2
+1 1
cfn=(92) handle_ld_preload
calls=1 757 
* 3014
* 1
+1 1
+2 6
+10 3
cfi=(24) /build/glibc-LK5gWL/glibc-2.23/io/../sysdeps/unix/syscall-template.S
cfn=(68) access
calls=1 84 
* 9
* 2
+77 1
-96 1
+96 3
+17 3
+1 1
-1 1
+1 2
-1 1
+1 5
cfi=(41) /build/glibc-LK5gWL/glibc-2.23/elf/dl-deps.c
cfn=(134) _dl_map_object_deps
calls=1 161 
* 12393
+1 1
+2 2
+3 1
-3 3
+3 1
-3 1
+3 3
+1 4
-1 2
+1 16
-1 8
+4 3
+1 3
+1 1
+2 2
+1 6
-1 6
+1 8
-1 6
-3 1
+16 1
+1 2
-1 1
+1 1
+2 1
+2 3
+2 1
-4 1
+5 1
-1 2
+14 2
+1 2
+1 3
+11 1
+2 1
-2 1
+2 2
-1 1
+1 1
-2 3
+2 1
cfi=(32) /build/glibc-LK5gWL/glibc-2.23/elf/dl-error.c
cfn=(150) _dl_receive_error
calls=1 205 
* 5161
+10 1
+1 1
-1 1
+1 1
+1 1
cfn=(160) init_tls
calls=1 589 
* 676
* 1
+2 2
719 1
+2 3
fi=(162) /build/glibc-LK5gWL/glibc-2.23/elf/../sysdeps/unix/sysv/linux/dl-osinfo.h
77 1
fe=(2)
730 1
+7 1
-5 1
1729 3
1959 3
2129 4
+2 1
+5 3
cfi=(30)
cfn=(202) _dl_allocate_tls_init
calls=1 450 
* 147
+3 2
+9 3
+2 2
+15 1
+2 1
-2 2
+3 1
-3 1
+3 1
-3 1
+3 3
cfi=(45) /build/glibc-LK5gWL/glibc-2.23/elf/dl-reloc.c
cfn=(166) _dl_relocate_object
calls=1 149 
* 4346
+1 1
+2 6
+8 1
cfi=(7) /build/glibc-LK5gWL/glibc-2.23/elf/../elf/dl-sysdep.c
cfn=(204) _dl_sysdep_start_cleanup
calls=1 256 
* 1
+4 3
+20 3
cfi=(29)
cfn=(86)
calls=1 50 
* 8
+1 1
-1 1
+2 1
cfi=(29)
cfn=(90)
calls=1 74 
* 1
+1 1
+4 1
cfi=(43) /build/glibc-LK5gWL/glibc-2.23/elf/dl-cache.c
cfn=(206) _dl_unload_cache
calls=1 322 
* 15
+5 8
2080 3
+7 1
+2 3
+19 1
-19 4
+2 1
+2 15
+5 10
+2 10
+6 5
+2 10
+1 32
cfi=(45)
cfn=(166)
calls=4 149 
* 79018
+4 17
-22 12
+25 1
+2 5
+6 1
-6 1
+6 1
-10 2
cfi=(30)
cfn=(200) _dl_add_to_slotinfo
calls=1 890 
* 20
* 1
-12 1
+1 1
-3 2
-85 1
+11 1
-7 1
-4 1
+4 3
+4 2
+3 1
1672 2
-39 5
+1 1
-1 3
+4 3
+1 1
+1 2
+1 2
1237 3

fn=(50)
704 12

fn=(152) version_check_doit
529 2
+2 4
cfi=(44) /build/glibc-LK5gWL/glibc-2.23/elf/dl-version.c
cfn=(154) _dl_check_all_versions
calls=1 380 
* 5121
* 2
+4 2

fn=(52)
710 12

fn=(2) _dl_start
353 9
+18 4
fi=(5) /build/glibc-LK5gWL/glibc-2.23/elf/../sysdeps/x86_64/dl-machine.h
59 1
fe=(2)
371 1
fi=(3)
45 1
fi=(5)
+14 2
fe=(2)
397 1
fi=(3)
45 1
fe=(2)
394 1
fi=(3)
45 1
+25 2
-3 1
-7 1
+5 1
+3 1
+2 1
-3 1
-3 1
-3 2
-13 26
+23 13
-26 39
+26 1
-26 3
+2 36
+13 20
+1 16
+10 4
-26 12
+33 2
+20 4
+1 4
+1 4
+1 4
+2 4
+5 4
+1 4
+1 4
+6 3
+5 2
+7 3
+1 3
+8 3
+2 3
+3 2
+1 2
fe=(2)
408 2
302 1
415 1
302 1
cfi=(6)
cfn=(10)
calls=1 956 
* 23
+1 2
+1 2
+1 2
+1 2
+8 1
+9 1
-9 3
+9 1
-6 1
-3 1
+9 1
cfi=(7)
cfn=(12) _dl_sysdep_start
calls=1 86 
* 109320
* 1
+9 1
+3 4
+4 1
-4 1
+4 1
440 9
fi=(3)
62 4
+3 4
fe=(2)
413 26
fi=(4) /build/glibc-LK5gWL/glibc-2.23/elf/do-rel.h
84 1
+27 1
-28 1
+28 2
+1 2
fi=(5)
519 2
fi=(4)
112 18
fi=(5)
519 18
+1 20
fi=(4)
111 20
fi=(5)
520 10
fi=(4)
111 10
+5 2
+8 1
fi=(5)
314 1
fi=(4)
124 2
+12 1
+1 3
fi=(5)
268 1
fi=(4)
137 1
fi=(5)
296 1
fi=(4)
137 2
fi=(5)
296 1
fi=(4)
136 5
+1 15
fi=(5)
268 5
fi=(4)
137 5
fi=(5)
296 5
fi=(4)
137 10
fi=(5)
296 5
+9 12
+3 6
-3 12
+3 18
+6 36
fi=(3)
68 4
+2 3
fi=(5)
427 12
fi=(4)
124 19
fe=(2)

fn=(98) _dl_initial_error_catch_tsd
664 12

fn=(102) map_doit
496 1
+2 1
-2 1
+3 8
cfi=(22)
cfn=(104) _dl_map_object
calls=1 2189 
* 2358
* 1
+2 2

fn=(160)
589 1
+6 1
-6 1
+2 2
+4 1
+10 4
cfi=(17)
cfn=(36) calloc
calls=1 103 
* 89
* 1
+11 1
-5 1
-7 1
+6 1
+2 1
-1 1
+5 1
+2 1
-1 1
+1 12
+2 10
+4 1
+2 1
-2 2
-5 10
+9 3
+3 1
cfi=(30)
cfn=(162) _dl_determine_tlsoffset
calls=1 138 
* 71
+7 1
cfi=(30)
cfn=(164) _dl_allocate_tls_storage
calls=1 354 
* 439
+1 1
-1 1
+1 1
+6 1
+3 1
-3 1
+3 6
+3 1
+2 1
+1 2

fn=(92)
757 7
+1 1
-1 1
-75 1
+86 1
-11 1
-75 6
+80 3
fi=(31) /build/glibc-LK5gWL/glibc-2.23/elf/../string/bits/string2.h
961 1
+1 145
+1 46
-2 46
+2 46
-2 139
+2 1
-2 3
fe=(2)
766 2
+10 4
108 3
779 2
677 1
+5 5
-10 1
+4 1
+1 1
+1 1
+2 1
+2 1
cfi=(32)
cfn=(96) _dl_catch_error
calls=1 163 
* 2434
+1 3
+13 3
+84 1
-18 3
+21 9
-15 4
cfi=(18) /build/glibc-LK5gWL/glibc-2.23/string/../sysdeps/x86_64/multiarch/../memcpy.S
cfn=(46) memcpy
calls=1 61 
* 83
* 1
+1 2

fl=(19)
fn=(54)
144 420
+1 420
+2 420
+1 420
+21 420
+1 420
+1 306
+1 306
+1 290
+1 290
+1 290
+1 290
+21 290
+1 290
+1 290
+1 290
+1 290
+1 290
+1 290
+5 5
+1 5
+9 5
+1 5
+1 5
+1 5
+1 5
+1 5
+1 5
+1 5
-7 130
+1 130
+1 130
+1 130
+1 130
+1 130
+1 130
+1 130
+1 133
+1 55
+1 55
+1 55
+2 55
+1 55
+1 55
+1 55
+1 55
+1 55
-5 78
+1 78
+1 78
+1 78
+1 78
+1 78
+10 2
+1 2
+1 2
+2 2
+6 2
+1 2
+1 2
+1 2
+1 2
+5 2
946 1
+1 1
+1 1
+1 1
+1 1
+2 1
+1 1
+1 1
+1 1
+1 1
+1 1
+1 1
+1 1
+4 1
+1 1
+1 1
+6 1
+1 1
+1 2
+4 1
+1 1
+3 1
+1 1
+1 1
+3 1
+1 1
+1 1
+6 1
+1 1
+1 1
+1 1
+1 1
+1 1
+72 2
+1 2
+1 2
+1 2
+1 2
+2 2
+1 2
+1 2
+1 2
+1 2
+1 2
+1 2
+1 2
+4 2
+1 2
+1 2
+6 2
+1 2
+1 4
+4 2
+1 2
+3 2
+1 2
+1 2
+3 2
+1 2
+1 2
+6 2
+1 2
+1 2
+1 2
+1 2
+1 2
+72 5
+1 5
+1 5
+1 5
+1 5
+2 5
+1 5
+1 5
+1 5
+1 5
+1 5
+1 5
1321 72
+1 72
+1 72
+1 72
+1 72
+2 72
+1 72
+1 72
+1 72
+1 72
+1 72
+1 72
+1 2
+4 2
+1 2
+1 2
+6 2
+1 2
+1 4
+4 2
+1 2
+3 2
+1 2
+1 2
+3 2
+1 2
+1 2
+6 2
+1 2
+1 2
+1 2
+1 2
+1 2
+72 31
+1 31
+1 31
+1 31
+1 31
+2 31
+1 31
+1 31
+1 31
+1 31
+1 31
+1 31
+1 31
+4 31
+1 31
+1 31
+6 31
+1 31
+1 62
+4 31
+1 31
+3 31
+1 31
+1 31
+3 31
+1 31
+1 31
+6 31
+1 31
+1 31
+1 31
+1 31
+1 31
+72 10
+1 10
+1 10
+1 10
+1 10
+2 10
+1 10
+1 10
+1 10
+1 10
+1 10
+1 10
+1 1
+4 1
+1 1
+1 1
+6 1
+1 1
+1 2
+4 1
+1 1
+3 1
+1 1
+1 1
+3 1
+1 1
+1 1
+6 1
+1 1
+1 1
+1 1
+1 1
+1 1
+72 2
+1 2
+1 2
+1 2
+1 2
+2 2
+1 2
+1 2
+1 2
+1 2
+1 2
+1 2
1821 5
+1 5
+1 5
+1 5
+1 5
+2 5
+1 5
+1 5
+1 5
+1 5
+1 5
+1 5
+1 5
+4 5
+1 5
+1 5
+6 5
+1 5
+1 10
+4 5
+1 5
+3 5
+1 5
+1 5
+3 5
+1 5
+1 5
+6 5
+1 5
+1 5
+1 5
+1 5
+1 5
+72 2
+1 2
+1 2
+1 2
+1 2
+2 2
+1 2
+1 2
+1 2
+1 2
+1 2
+1 2
+1 2
+4 2
+1 2
+1 2
+6 2
+1 2
+1 4
+4 2
+1 2
+3 2
+1 2
+1 2
+3 2
+1 2
+1 2
+6 2
+1 2
+1 2
+1 2
+1 2
+1 2
+72 3
+1 3
+1 3
+1 3
+1 3
+2 3
+1 3
+1 3
+1 3
+1 3
+1 3
+1 3
+2 1
+4 1
+1 1
+1 1
+6 1
+1 1
+2 2
+4 1
+1 1
+3 1
+1 1
+1 1
+3 1
+1 1
+1 1
+6 1
+1 1
+1 1
+1 1
+1 1
+1 1
+74 45
+2 45
+1 45
+1 45
+1 45
-3 90
+1 90
+1 90
+1 90
+1 165
+5 55
+6 55
+1 55
+8 55
+1 55
-16 365
+6 365
+1 365
+8 365
+1 365

fl=(29)
fn=(90)
74 2

fn=(86)
50 10
+5 8
+5 2
-1 1
+1 2
+1 2
-1 1
+4 1
-13 5
+4 10
+4 1
-1 1
-58 5

fl=(43)
fn=(142) _dl_load_cache_lookup
185 18
+8 4
+3 6
+45 4
+6 4
+9 2
+6 4
-6 8
+6 2
cfi=(24)
cfn=(68)
calls=2 84 
* 18
+19 2
-19 2
+19 282
cfn=(146) _dl_cache_libcmp
calls=17 138 
* 1199
* 69
-15 8
+15 32
cfn=(146)
calls=1 138 
* 71
* 10
cfn=(146)
calls=2 138 
* 215
* 16
-82 4
cfi=(34) /build/glibc-LK5gWL/glibc-2.23/elf/dl-misc.c
cfn=(144) _dl_sysdep_read_whole_file
calls=1 45 
* 94
+8 1
-8 1
+8 4
+1 4
cfi=(14)
cfn=(30)
calls=1 24 
* 38
* 2
+7 1
-3 1
+3 3
+3 1
+1 2
-1 1
+1 1
+1 4
cfi=(14)
cfn=(30)
calls=1 24 
* 32
* 2
+61 52
+16 4
+4 4
+8 6
cfi=(11) /build/glibc-LK5gWL/glibc-2.23/string/../sysdeps/x86_64/strlen.S
cfn=(22) strlen
calls=2 66 
* 68
* 4
+1 2
-1 8
+1 4
cfi=(18)
cfn=(46)
calls=2 61 
* 137
+1 4
cfi=(28) /build/glibc-LK5gWL/glibc-2.23/string/strdup.c
cfn=(80) strdup
calls=2 40 
* 218
+1 16
-31 18

fn=(146)
138 60
+1 46
+2 202
+2 101
-2 101
+2 6
+6 3
+2 3
-1 3
-1 3
+1 3
+1 12
+2 15
+2 6
+6 196
+2 358
+4 81
+1 81
-29 162
+32 9
-7 34

fn=(206)
322 4
-1 1
+3 2
cfi=(39) /build/glibc-LK5gWL/glibc-2.23/misc/../sysdeps/unix/syscall-template.S
cfn=(208) munmap
calls=1 84 
* 5
+1 1
+2 2

fl=(37) /build/glibc-LK5gWL/glibc-2.23/misc/../sysdeps/unix/sysv/linux/wordsize-64/mmap.c
fn=(122) mmap
33 11
-1 110
+1 27
+1 110
+2 77
-3 26

fl=(30)
fn=(88)
115 2
+1 2

fn=(164)
354 3
+2 1
+11 3
cfi=(17)
cfn=(44) __libc_memalign
calls=1 52 
* 76
* 1
+1 2
+7 2
+4 1
-57 1
+57 296
-58 2
+1 2
cfi=(17)
cfn=(36)
calls=1 103 
* 38
* 1
+1 2
+3 1
+6 2
+64 5

fn=(148) _dl_next_tls_modid
49 1
+3 4
+48 1
+4 2

fn=(162)
138 7
+6 3
+3 2
+36 3
+2 10
+3 1
-1 1
+5 2
-5 3
+3 3
+2 5
+16 3
+2 2
-2 2
+2 2
+10 1
-37 2
+25 1
-25 4
+40 4
+1 1
+51 1
+1 8

fn=(202)
450 2
-1 7
+5 1
+6 3
-6 1
+6 1
-4 1
+16 1
-15 3
+20 6
+6 16
+3 1
+1 2
+6 3
+3 1
-2 2
+2 4
+1 1
+3 1
-1 3
+4 2
+1 4
+2 2
+9 6
cfi=(25) /build/glibc-LK5gWL/glibc-2.23/string/../sysdeps/x86_64/memcpy.S
cfn=(70) mempcpy
calls=1 61 
* 23
* 4
cfi=(26) /build/glibc-LK5gWL/glibc-2.23/string/../sysdeps/x86_64/multiarch/../memset.S
cfn=(72) memset
calls=1 53 
* 30
* 2
-38 3
+52 2
+2 1
+1 8

fn=(200)
890 3
+9 1
-9 1
+6 2
+8 5
+41 1
+1 3
+1 4

fl=(1) ???
fn=(0) 0x0000000000000c30
0 2
cfi=(2)
cfn=(2)
calls=1 353 
0 109968
0 14
cfi=(54) /build/glibc-LK5gWL/glibc-2.23/elf/dl-init.c
cfn=(212) _dl_init
calls=1 80 
0 1699
0 3
cob=(6)
cfi=(66)
cfn=(264)
calls=1 0 
0 289445

fl=(32)
fn=(150)
205 10
+1 1
cfi=(2)
cfn=(98)
calls=1 664 
* 2
+5 1
-1 1
-4 1
+9 1
+2 1
-3 1
+3 1
cfi=(2)
cfn=(152)
calls=1 529 
* 5131
+2 1
+1 1
+1 8

fn=(96)
163 10
+15 5
-3 10
+1 10
-13 10
+14 10
+1 5
+2 5
cfi=(2)
cfn=(98)
calls=5 664 
* 10
+2 5
-1 5
+4 5
-3 10
+3 5
-4 5
+4 5
cfi=(33)
cfn=(100)
calls=5 26 
* 100
* 15
+2 15
cfi=(41)
cfn=(136) openaux
calls=4 60 
* 10123
cfi=(2)
cfn=(102)
calls=1 496 
* 2372
+1 10
+2 5
+1 5
-3 5
+1 10
+1 5
+9 5
-8 5
+8 15

fl=(158)
fn=(1766)
130 8
+17 1
+3 15
+3 2
cfi=(2)
cfn=(50)
calls=1 704 
* 2
+2 1
+3 2
+2 6
+8 1
-3 1
+3 8
+7 10
+2 10
+2 5
+1 5
+5 5
-6 5
-6 5
+8 5
-8 11
+14 9
+1 2
+4 1
31 1
+2 1
192 1
33 1
+6 1
-1 1
+2 1
-2 2
+1 8
+1 1
cfi=(26)
cfn=(72)
calls=1 +13 
* 15
* 1
+77 20
+3 24
cfi=(26)
cfn=(72)
calls=3 -67 
* 54
* 8
-76 12
+1 12
+4 16
+6 8
+1 8
+2 30
+1 15
+2 27
+1 18
201 3
cfi=(2)
cfn=(52)
calls=1 710 
* 2
+5 3
81 4
208 1
+2 3
-2 4
+2 12
+3 10
+3 15
+4 6
+9 3
+3 3
-3 3
+3 6
+2 12
+1 6
cob=(5)
cfi=(65)
cfn=(1802)
calls=1 0 
* 78
cob=(4)
cfi=(55)
cfn=(1780)
calls=1 0 
* 78
cob=(6)
cfi=(66)
cfn=(1768)
calls=1 0 
* 16
-1 12
+5 6
+1 9
cob=(2)
cfi=(16)
cfn=(1818)
calls=1 0 
* 3
cob=(2)
cfi=(16)
cfn=(1800)
calls=1 0 
* 3
cob=(2)
cfi=(16)
cfn=(1778)
calls=1 0 
* 3
+6 30
+16 10
-56 13
+11 6
92 18
+21 6
-57 15
268 4
+2 1
-2 2
+6 2
+7 8

fl=(36) /build/glibc-LK5gWL/glibc-2.23/io/../sysdeps/unix/sysv/linux/wordsize-64/fxstat.c
fn=(120) _fxstat
34 4
-1 4
+1 4
+1 24
+4 4

fl=(21) /build/glibc-LK5gWL/glibc-2.23/posix/../sysdeps/unix/syscall-template.S
fn=(62) uname
84 4
+1 1

fl=(12) /build/glibc-LK5gWL/glibc-2.23/elf/../misc/sbrk.c
fn=(24) sbrk
34 4
+8 6
+4 2
+16 5

fl=(13)
fn=(28)
30 3
+3 10
+13 67
-13 201
+2 138
+1 20
+5 2
-3 2
+3 2
+2 2
-12 1
+19 1

fl=(27) /build/glibc-LK5gWL/glibc-2.23/string/../sysdeps/x86_64/multiarch/../strchr.S
fn=(74) index
24 10
+1 10
+1 10
+1 10
+1 10
+1 10
+1 10
+1 10
+1 10
+1 10
+1 10
+1 10
+1 10
+1 10
+1 10
+1 10
+1 10
+1 8
+4 8
+1 8
+1 8
+1 8
+2 8
+4 2
+1 2
+1 2
+1 2
+1 2
+1 2
+1 2
+1 2
+1 2
+1 2
+1 2
+1 2
+1 2
+1 2
+1 2
+1 2
+1 2
+1 2
+1 2
+1 2
+1 2
+1 2
+1 2
+1 2
+52 2
+4 2
+1 2
+1 2
+1 2
+2 2

fl=(54)
fn=(214) call_init.part.0
28 25
+8 5
+3 5
-3 10
+3 15
+5 28
+5 6
+9 18
cob=(2)
cfi=(16)
cfn=(250)
calls=1 -58 
* 6
cob=(3)
cfi=(56)
cfn=(228)
calls=1 -6 
* 176
cob=(2)
cfi=(16)
cfn=(216)
calls=1 -58 
* 6
* 3
+4 6
+6 3
+2 6
-2 6
+3 15
+1 12
cob=(5)
cfi=(65)
cfn=(254)
calls=1 -72 
* 17
cob=(3)
cfi=(62)
cfn=(240)
calls=1 482 
* 1161
cob=(4)
cfi=(55)
cfn=(220)
calls=1 -72 
* 17
* 4
cob=(3)
cfi=(64)
cfn=(248)
calls=1 -39 
* 4
* 4
-1 8
+3 30
-29 3
-5 3

fn=(212)
80 11
+1 1
+1 1
+3 3
+8 2
+1 2
+25 18
+1 15
-90 26
cfn=(214)
calls=4 -2 
* 1526
* 4
+96 8
-96 2
+58 2
+16 1
cfn=(214)
calls=1 -76 
* 76
* 1

fl=(6)
fn=(176) check_match
92 824
+3 721
+12 618
+3 588
cfi=(19)
cfn=(54)
calls=44 +34 
* 1648
* 88
+5 103
-1 103
+1 103
+2 204
+19 204
+1 816
+46 103
-7 103
+7 515
-18 2
+2 1
+1 4
-1 5
-29 306
cfi=(19)
cfn=(54)
calls=102 +6 
* 3834
* 306

fn=(172) _dl_lookup_symbol_x
806 1243
568 113
806 452
568 565
+1 113
-1 113
+1 339
-1 339
+1 1337
-1 1337
+1 4011
-1 4237
808 113
+4 113
+4 113
-8 113
+1 226
+7 317
+7 113
-2 113
+2 113
-2 113
+6 113
-7 113
+7 226
-7 678
+15 10
-8 50
+2 1582
cfn=(174) do_lookup_x
calls=113 355 
* 53883
+3 339
+26 226
+22 103
+1 721
+31 103
+9 515
+14 309
+3 412
+5 103
+2 904
-85 70
+16 10
+1 20
+59 2

fn=(174)
355 791
+1 113
-1 565
+48 113
-30 113
-11 113
+41 113
+7 226
-7 226
-30 452
+37 452
-44 226
+3 226
-3 674
+3 674
+4 940
+4 890
+4 890
+6 1335
+8 445
-4 445
+1 445
+3 890
+1 1335
+3 445
+1 890
+2 890
+8 445
-8 445
+8 4450
-99 342
553 2418
+1 192
cfi=(34)
cfn=(106) _dl_name_match_p
calls=96 288 
* 8232
* 288
+3 1041
+3 10
+1 904
-92 206
+50 768
+4 42
+12 206
+1 103
+1 206
413 732
+2 244
+2 1560
+13 402
-10 1185
+2 206
+1 515
-1 103
+1 721
-1 103
+1 309
cfn=(176)
calls=103 92 
* 11199
+4 309
+34 34
+94 119
439 927

fn=(10)
956 15
+4 5
+4 10
+2 5
-1 5
+3 15
+1 5
+1 5
+3 5
-3 5
+7 5
-4 5
-1 5
+3 5
+2 5
-7 5
+7 5
+1 5

fl=(41)
fn=(136)
60 8
+7 4
-4 44
cfi=(22)
cfn=(104)
calls=4 2189 
* 10055
* 4
+5 8

fn=(134)
161 1
-1 1
+1 1
-1 4
+1 1
-1 2
+1 1
-1 2
+1 1
-1 2
+1 3
-15 1
+15 1
-17 1
+1 1
+1 1
+6 4
+26 1
-26 1
+26 7
-34 1
+2 1
+33 2
-33 1
-2 1
+2 2
-2 1
+1 1
+1 1
+6 3
+26 1
-26 1
+26 5
+4 1
+21 1
+1 1
-22 2
+19 1
-12 1
+15 1
-16 2
+13 1
317 9
217 1
-4 1
-4 1
+8 5
-4 4
-4 4
+8 4
+12 10
+2 3
+11 3
-5 3
-6 6
+5 3
+2 6
+1 6
+3 21
+50 12
+1 6
-51 300
+1 150
+6 20
cfi=(27)
cfn=(74)
calls=4 24 
* 116
* 8
+5 20
-3 4
+3 4
cfi=(32)
cfn=(96)
calls=4 -91 
* 10371
+2 12
+15 4
+2 8
+5 3
+6 3
+2 3
-8 6
+3 3
+1 3
+1 3
+1 3
+4 18
+7 213
459 15
+2 9
+2 9
cfi=(17)
cfn=(40) malloc
calls=3 94 
* 87
* 3
+2 3
-2 3
+2 3
+4 12
-1 3
+1 3
cfi=(18)
cfn=(46)
calls=3 61 
* 64
+1 15
cfi=(18)
cfn=(46)
calls=3 61 
* 64
+4 3
-1 3
+5 28
+7 6
+1 1
+3 5
+10 4
cfi=(17)
cfn=(40)
calls=1 94 
* 29
* 1
+3 1
-3 1
+3 1
+5 6
+1 1
-1 3
+1 2
+8 2
+4 3
-4 1
-6 3
-2 4
+8 8
+4 12
-4 4
-6 12
+13 3
+51 3
+2 3
+42 1
-4 1
+5 2
-1 4
+1 2
cfi=(26)
cfn=(72)
calls=1 53 
* 15
* 1
-2 9
+7 1
-1 1
+1 1
-1 2
+7 1
-7 1
+7 2
-13 3
+7 3
-1 3
+1 3
-1 6
+7 3
-7 3
+7 9
+2 12
+1 6
-1 12
+1 9
+2 27
+1 18
+28 27
cfi=(26)
cfn=(72)
calls=3 53 
* 54
* 15
-6 6
-28 12
+31 14
-6 2
+16 2
+2 1
+1 1
-1 1
+2 3
+7 3
+3 3
+3 8
481 12
-1 5
+1 11
202 2
+27 8
-19 4
+8 32
+2 3
+2 12
+2 30
338 8
611 8
cfi=(18)
cfn=(46)
calls=1 61 
* 42
+2 1
-38 1
+38 1
209 2

fl=(45)
fn=(166)
149 50
+15 5
-15 10
+15 5
+1 30
+6 10
+6 15
-18 10
+22 10
+7 5
-32 5
+32 5
+44 5
fi=(5)
76 15
fe=(45)
232 10
fi=(5)
76 15
+6 8
+4 12
+14 4
-8 4
+8 8
+20 8
+4 16
-2 4
+9 15
fe=(45)
258 206
-98 24
fi=(5)
303 32
fe=(45)
-45 4
fi=(4)
58 4
-10 4
-1 8
+11 4
-11 4
+11 4
fe=(45)
258 1
-98 6
fi=(5)
303 8
fe=(45)
-45 1
fi=(4)
58 1
-10 1
-1 2
+11 1
-11 1
+11 1
fe=(45)
258 5
fi=(4)
58 5
-10 5
-1 10
+11 5
-11 5
+11 5
+3 20
fi=(5)
530 182
+4 182
+2 273
+1 91
fi=(4)
61 294
+2 396
+2 26
-4 3
+13 8
+1 5
+1 16
fi=(5)
530 8
+26 8
fi=(4)
75 8
fi=(5)
556 16
cob=(3)
cfi=(53)
cfn=(198)
calls=1 0 
* 11
cob=(3)
cfi=(52)
cfn=(194)
calls=1 37 
* 66
cob=(3)
cfi=(51)
cfn=(192)
calls=1 30 
* 6
cob=(3)
cfi=(50)
cfn=(190)
calls=1 45 
* 6
cob=(3)
cfi=(46)
cfn=(188)
calls=1 129 
* 5
cob=(3)
cfi=(50)
cfn=(186)
calls=1 45 
* 6
cob=(3)
cfi=(47)
cfn=(180)
calls=1 38 
* 66
cob=(3)
cfi=(46)
cfn=(178)
calls=1 109 
* 5
fi=(4)
75 8
fi=(5)
557 8
fi=(4)
75 11
fe=(45)
258 2
fi=(4)
75 18
fe=(45)
258 18
+3 20
+24 5
+3 10
+17 15
+2 40
fi=(4)
84 6
-1 6
+3 12
-3 6
+3 6
+12 18
+10 8
+3 11
fi=(5)
514 3
fi=(4)
112 6
fi=(5)
514 1223
fi=(4)
112 2434
fi=(5)
514 2434
+5 2440
+1 2440
fi=(4)
111 2440
fi=(5)
520 1220
fi=(4)
111 1220
+7 18
+6 5
-3 10
+3 13
fi=(5)
449 12
fi=(4)
127 408
+9 204
+3 102
-3 102
+3 102
fi=(5)
271 102
fi=(4)
138 102
-2 102
+1 408
fi=(5)
271 102
+21 204
+4 204
+7 1965
fi=(4)
137 80
fi=(5)
303 160
fi=(4)
137 80
fi=(5)
303 80
fi=(4)
137 80
fi=(5)
303 160
fi=(4)
137 5
fi=(5)
303 10
fi=(4)
137 5
fi=(5)
303 5
fi=(4)
137 5
fi=(5)
303 1200
cfi=(6)
cfn=(172)
calls=85 806 
* 52514
* 680
+2 264
+3 96
-3 192
+3 288
+6 612
fe=(45)
178 10
fi=(5)
437 249
fi=(4)
124 314
+19 8
fi=(5)
303 69
fi=(4)
108 3
fi=(5)
409 42
+4 70
+14 70
+49 15
+4 35
cfi=(18)
cfn=(46)
calls=5 61 
* 90
+2 20
+1 5
fe=(45)
313 25
+3 5
-3 10
+3 5
+4 10
+1 20
cfi=(39)
cfn=(126) mprotect
calls=5 84 
* 25
* 15
-63 3
fi=(4)
129 10
fi=(5)
303 87
fi=(4)
160 7
+2 20
+8 10
+1 5
-1 5
+1 5
fi=(5)
271 5
fi=(4)
170 15
fi=(5)
271 5
+21 10
+4 10
+7 180
cfi=(6)
cfn=(172)
calls=5 806 
* 2629
* 35
+2 15
+3 1
-3 2
+3 3
+6 30
437 15
fi=(4)
160 17
+14 2
fi=(5)
303 6
fe=(45)

fl=(44)
fn=(158) match_symbol
76 121
+9 11
-8 11
-1 22
+1 11
+8 11
+6 33
+15 11
+1 22
+2 11
+5 22
+14 178
+12 234
+4 78
-30 156
+19 55
cfi=(19)
cfn=(54)
calls=11 +11 
* 442
* 22
+35 88

fn=(156) _dl_check_map_versions
189 15
-15 45
+17 5
+3 15
-3 5
+2 5
+1 5
+2 5
-3 5
+3 5
+3 6
+4 3
-4 3
+4 12
+17 3
56 6
220 3
56 15
+1 10
-1 20
+2 39
cfi=(34)
cfn=(106)
calls=13 288 
* 1228
* 29
228 9
+5 24
+19 8
-15 166
cfn=(158)
calls=5 76 
* 794
* 24
cfn=(158)
calls=6 76 
* 745
* 11
+7 66
+3 33
+9 18
+14 6
+3 12
+10 40
-7 160
+3 120
-3 12
+3 9
+8 12
+87 8
-81 16
cfi=(17)
cfn=(36)
calls=4 103 
* 152
* 4
+1 4
-2 4
+2 4
+11 4
+2 4
-5 4
+3 4
+2 4
-2 4
+2 4
+3 12
+4 9
+18 8
-15 24
+2 24
-2 9
+2 9
+2 11
+1 11
-1 22
+1 11
-1 11
+1 11
+1 11
-2 11
+2 22
+1 33
+3 33
+8 9
+10 12
+3 12
+20 40
-14 86
-2 40
+7 80
+1 40
-1 120
+1 40
-1 40
+1 40
+1 40
+3 129
+10 36
183 2
-8 2
+95 4
-80 2

fn=(154)
380 5
+4 7
+2 35
cfn=(156)
calls=5 189 
* 5032
-2 5
+2 15
-1 5
-1 10
+5 7

fl=(42) /build/glibc-LK5gWL/glibc-2.23/io/../sysdeps/unix/sysv/linux/wordsize-64/xstat.c
fn=(140) _xstat
34 4
-1 4
+1 4
+1 24
+4 1
-4 12

fl=(34)
fn=(106)
288 625
+1 250
cfi=(19)
cfn=(54)
calls=125 144 
* 3792
* 125
+1 125
-1 125
+3 125
+2 250
+4 126
-4 252
+1 393
cfi=(19)
cfn=(54)
calls=131 144 
* 4060
* 262
-5 5
+11 145
-1 120
+1 480

fn=(144)
45 2
+7 1
-7 3
+7 1
-7 3
+7 1
cfi=(24)
cfn=(110) open
calls=1 +32 
* 5
+1 2
+2 5
cfi=(36)
cfn=(120)
calls=1 -21 
* 10
* 2
+2 1
+3 1
-3 1
+3 1
+13 2
cfi=(24)
cfn=(132) close
calls=1 +11 
* 5
+3 7
-14 6
cfi=(37)
cfn=(122)
calls=1 -29 
* 33
* 2

fl=(11)
fn=(22)
66 18
+1 18
+1 18
+1 18
+1 18
+1 18
+1 18
+2 18
+2 18
+30 17
+1 17
+1 17
+1 17
+1 17
+1 8
+1 8
+4 9
+1 9
+1 9
+1 9
+1 9
+1 9
+1 9
+1 9
+1 9
+1 9
+1 9
+1 9
+5 72
+4 1
+1 14
+1 8

fl=(22)
fn=(64)
689 1
+13 2
-13 8
+13 3
cfi=(23) /build/glibc-LK5gWL/glibc-2.23/elf/dl-hwcaps.c
cfn=(66) _dl_important_hwcaps
calls=1 39 
* 398
+5 1
-5 1
+5 1
cfi=(17)
cfn=(40)
calls=1 94 
* 29
* 1
+1 1
-2 1
+2 2
+8 1
-1 1
+1 3
-1 3
+4 4
cfi=(17)
cfn=(40)
calls=1 94 
* 29
* 1
+2 1
-2 1
+2 1
+17 2
+9 2
-19 1
+11 1
-1 1
+3 1
+1 1
-15 2
+23 1
-9 1
+9 5
-3 17
cfi=(26)
cfn=(72)
calls=4 53 
* 60
+3 27
-14 3
+2 3
+1 3
+2 6
-3 3
+4 9
+4 3
-3 3
+3 3
+1 3
-4 9
+4 3
+14 1
-11 1
+6 1
+1 1
+5 1
-12 1
+12 1
+2 4
+2 3
+38 5
+6 3
cfi=(27)
cfn=(74)
calls=1 24 
* 23
* 2
+2 3
cfi=(11)
cfn=(22)
calls=1 66 
* 16
* 8
cfi=(18)
cfn=(46)
calls=1 61 
* 31
* 1
+17 133
+5 1
cfi=(17)
cfn=(40)
calls=1 94 
* 29
* 1
+1 1
-2 1
+2 1
+6 9
cfn=(76) fillin_rpath
calls=1 444 
* 609
+4 5
+6 1
+4 8
-70 1
-2 1
+2 2
+14 2

fn=(108) open_verify.constprop.7
1717 88
+39 8
-39 24
+39 30
+31 32
cfi=(24)
cfn=(110)
calls=8 84 
* 60
+2 8
-2 8
+2 11
+10 3
+1 6
+5 24
cfi=(24)
cfn=(112) read
calls=3 84 
* 15
+2 6
+2 3
+2 3
-2 6
+2 3
+6 6
+16 12
cfi=(14)
cfn=(30)
calls=3 24 
* 81
* 27
cfi=(14)
cfn=(30)
calls=3 24 
* 108
* 6
+74 6
+5 6
+2 12
+6 6
+11 6
+6 3
+1 3
-1 12
+1 3
-1 3
+1 6
+1 9
+20 167
+2 55
+4 12
+1 9
+12 21
+4 9
+5 1
+1 1
-13 4
cfi=(14)
cfn=(30)
calls=1 24 
* 25
* 12
cfi=(14)
cfn=(30)
calls=3 24 
* 90
* 8
+16 2
+3 7
+3 3
+1 5
-39 3
+67 29
-23 5
+23 35
1826 4
+7 4
cfi=(14)
cfn=(30)
calls=1 24 
* 24
* 2

fn=(138) open_path
2040 16
+1 2
+6 2
-6 2
+6 2
+5 18
+52 2
-59 2
-1 2
+60 2
-52 16
+74 8
-62 2
-9 2
+9 2
+7 8
cfi=(25)
cfn=(70)
calls=2 61 
* 62
+1 2
-1 2
+1 10
+20 8
-20 31
+3 16
+5 10
-1 5
+1 10
-1 15
cfi=(25)
cfn=(70)
calls=5 61 
* 99
* 20
cfi=(25)
cfn=(70)
calls=5 61 
* 115
-1 5
+7 5
-7 5
+7 5
+3 45
cfn=(108)
calls=5 1717 
* 220
* 5
+2 25
+26 4
+2 2
+39 14
+7 2
-2 2
+2 6
+3 6
+14 2
-27 2
+27 14
-84 8
+1 36
+6 4
+2 4
-2 4
+2 8
-2 4
+2 4
cfi=(42)
cfn=(140)
calls=4 34 
* 49
* 8
+1 1
+2 1
-2 1
+2 7
+7 3
-7 3
+7 9
-30 3
+23 6

fn=(114) _dl_map_object_from_fd
893 33
+10 3
-10 3
+10 3
-10 9
+10 3
cfi=(29)
cfn=(86)
calls=3 50 
* 24
fi=(35) /build/glibc-LK5gWL/glibc-2.23/elf/../sysdeps/posix/dl-fileid.h
37 9
fe=(22)
903 3
fi=(35)
37 3
cfi=(36)
cfn=(120)
calls=3 -3 
* 30
* 6
+4 3
fe=(22)
919 3
fi=(35)
40 3
+1 3
fe=(22)
919 48
+1 18
fi=(35)
49 24
fe=(22)
1465 24
937 6
+24 6
+10 6
+22 12
+32 6
904 3
1028 21
cfi=(15)
cfn=(32)
calls=3 61 
* 1227
+1 3
-1 3
+1 3
+11 6
+1 3
-1 3
+2 3
-1 3
+4 3
-1 6
-2 3
+2 6
+1 9
+1 3
+19 3
-2 3
+10 3
-8 18
+8 3
-8 9
+8 3
+87 3
+8 3
-8 12
+8 3
-8 9
-86 45
-1 192
+1 135
+6 6
+1 9
+1 3
+9 30
+5 48
+9 18
-1 18
+1 6
+1 12
+2 6
-2 6
+1 6
-1 6
+3 6
+4 6
-7 6
+2 6
+1 6
+4 6
+1 18
+4 9
-14 3
+14 18
+11 3
-11 9
-14 3
+14 18
+11 3
-44 2
+1 1
+46 3
+4 1
+1 1
+1 1
-1 2
+1 1
+3 3
+1 1
+3 1
-3 1
+7 4
+6 1
cfi=(30)
cfn=(148)
calls=1 49 
* 8
* 2
+1 1
+59 6
+1 9
+1 3
-6 6
+1 3
+8 9
1041 3
1229 3
1041 3
1229 3
+10 9
fi=(38) /build/glibc-LK5gWL/glibc-2.23/elf/./dl-map-segments.h
56 6
fe=(22)
1239 9
fi=(38)
56 3
fe=(22)
1239 3
fi=(38)
56 3
fe=(22)
1239 6
fi=(38)
56 18
cfi=(37)
cfn=(122)
calls=3 -23 
* 105
+4 3
-4 3
+4 6
+3 6
+1 3
+2 3
-2 3
-1 3
+3 3
+10 6
fi=(40) /build/glibc-LK5gWL/glibc-2.23/elf/./dl-load.h
+14 12
+1 9
+2 12
fi=(38)
+7 24
+6 3
+2 3
-2 3
+1 3
+2 3
-1 3
+1 3
-1 9
+8 6
+17 6
+12 6
-59 30
+2 6
+2 3
-2 6
+2 30
cfi=(37)
cfn=(122)
calls=3 -57 
* 93
* 9
fe=(22)
1251 12
+9 6
fi=(3)
39 3
fe=(22)
1260 3
fi=(3)
39 3
+6 3
-2 3
+2 6
+15 3
+5 3
+3 3
-1 3
-3 3
-3 62
+10 14
-26 42
+16 54
+10 54
-26 162
+26 3
-26 9
+2 142
+13 68
+2 12
+3 12
+13 6
+20 10
+1 12
+1 12
+1 12
+2 12
+5 12
+1 11
+1 12
+6 9
+5 6
+7 6
+1 9
+16 9
+5 1
+2 1
-2 1
+2 1
+2 2
+2 2
+3 9
+10 1
-8 4
+8 1
+5 2
+3 6
fe=(22)
1267 6
+15 9
+19 6
+2 15
+54 9
+1 2
+3 2
cfi=(24)
cfn=(132)
calls=1 84 
* 5
* 4
cfi=(24)
cfn=(132)
calls=2 84 
* 10
* 6
+9 6
+2 9
+2 3
-2 3
+2 3
+16 6
cfi=(6)
cfn=(10)
calls=3 956 
* 69
+4 6
+1 6
+17 6
+9 3
-5 9
+5 3
+10 6
+10 9
cfi=(15)
cfn=(48)
calls=3 32 
* 129
+4 12
fi=(3)
68 12
+2 15
fe=(22)
1413 2
fi=(38)
119 6
+8 24
cfi=(26)
cfn=(72)
calls=3 -74 
* 298
* 12
-54 12
-1 18
cfi=(39)
cfn=(126)
calls=3 +12 
* 15
* 3
fi=(40)
+22 10
+1 22
+3 8
fi=(38)
+39 9
cfi=(37)
cfn=(122)
calls=1 33 
* 31
+3 3
fe=(22)
1255 4

fn=(104)
2189 35
+8 5
-8 10
+8 5
+1 20
+3 82
+5 112
+2 48
cfi=(34)
cfn=(106)
calls=16 288 
* 1800
* 32
+4 28
+1 42
+3 6
+2 24
cfi=(19)
cfn=(54)
calls=6 144 
* 144
* 12
2500 40
2235 15
+9 3
-53 3
+53 6
+36 6
-2 3
+2 3
cfi=(27)
cfn=(74)
calls=3 24 
* 69
* 6
2431 2
383 3
cfi=(27)
cfn=(74)
calls=1 24 
* 47
* 2
+4 2
cfi=(28)
cfn=(80)
calls=1 40 
* 128
2432 1
-3 1
+3 2
+4 9
cfn=(108)
calls=1 1717 
* 299
+3 1
-3 1
+3 3
+12 3
+46 1
+1 3
-1 1
+1 9
cfn=(114)
calls=1 893 
* 1444
-1 2
+1 6
-1 2
+1 18
cfn=(114)
calls=2 893 
* 3181
* 10
2284 4
cfi=(11)
cfn=(22)
calls=2 66 
* 32
* 2
+2 2
-2 2
+2 2
+7 8
+35 4
+1 28
cfn=(138)
calls=2 2040 
* 1025
+6 4
-6 2
+6 6
666 2
2336 2
666 4
2423 4
+28 6
+2 8
2297 2
+5 2
-5 2
+5 2
+3 4
-3 2
+3 14
-3 6
666 2
2303 2
666 4
2358 2
-14 2
+14 2
+2 6
+4 4
cfi=(43)
cfn=(142)
calls=2 185 
* 2717
+2 2
-2 2
+2 2
+4 4
+8 6
+23 20
cfn=(108)
calls=2 1717 
* 671
+4 2
-4 2
+4 6
+1 4
-89 6
+1 16
666 2
2319 2
666 4

fn=(76)
444 7
+2 1
-2 9
+4 3
cfi=(17)
cfn=(78) strsep
calls=1 -94 
* 238
* 3
cfi=(17)
cfn=(78)
calls=1 -94 
* 6
* 6
+7 2
+35 15
+1 8
+55 2
+2 2
cob=(2)
cfi=(16)
cfn=(82)
calls=1 0 
* 7
* 1
-39 2
+4 2
-1 4
cfi=(17)
cfn=(40)
calls=1 94 
* 29
* 1
+3 1
-3 1
+3 2
+5 1
+1 2
-2 1
+2 1
cfi=(25)
cfn=(70)
calls=1 61 
* 31
+3 1
-3 1
+1 1
+2 1
+6 2
+1 1
-1 2
+1 13
+1 11
-1 2
+3 2
+1 3
+7 1
+1 1
-1 2
383 3
cfi=(27)
cfn=(74)
calls=1 24 
* 23
* 2
+4 2
cfi=(28)
cfn=(80)
calls=1 40 
* 94
* 1
+74 2
+5 2
cfi=(11)
cfn=(22)
calls=1 66 
* 16
+1 2
+7 6
+9 1
-4 3
+4 2
+26 2
+43 1
+3 9
-15 2
-9 2
-57 2

fl=(7)
fn=(12)
86 8
+25 1
-1 1
+1 216
+6 1
-3 1
+1 1
-4 1
+3 1
+3 4
+1 2
-1 25
+1 108
-1 106
+62 1
+1 1
-1 1
+1 1
-29 1
+1 2
+11 1
+1 1
-1 1
+1 1
-7 1
+1 1
-1 1
+1 1
-4 1
+1 2
-25 1
+1 2
-4 1
+1 2
-7 1
+1 1
+2 1
+1 1
fi=(8)
-90 2
cfi=(9) /build/glibc-LK5gWL/glibc-2.23/elf/../sysdeps/unix/sysv/linux/x86_64/brk.c
cfn=(16) brk
calls=1 -4 
* 11
fi=(5)
225 5
+4 1
cfi=(10)
cfn=(20)
calls=1 46 
* 134
fe=(7)
+2 3
+1 1
cfi=(11)
cfn=(22)
calls=1 66 
* 32
* 1
+2 2
cfi=(12)
cfn=(24)
calls=1 34 
* 17
* 3
+12 3
+3 5
cfi=(2)
cfn=(26)
calls=1 790 
* 108585
+2 9
-11 2

fn=(204)
256 1

fl=(25)
fn=(70)
61 21
+4 21
+3 19
+1 19
+2 8
+1 8
+2 8
+1 8
+5 8
+1 8
-1 11
+1 11
+2 12
+1 12
+2 12
+1 12
+5 12
+1 12
-1 7
+1 7
+2 6
+1 6
+2 6
+1 6
+5 6
+1 6
-1 13
+1 13
+2 9
+1 9
+2 9
+1 18
+5 9
+1 9
-1 10
+1 12
+5 2
+1 2
+1 2
+1 2
+2 2
+2 2
+1 2
+2 2
+6 19
+4 19
+12 3
+2 3
+1 3
+26 3
+1 3
+3 3
+1 3
+1 3
+5 3
+2 3
+1 3
+1 3
+1 3
+2 3
+1 3
+1 3
+1 3
+2 3
+1 3
+2 3
+22 3
+2 3
+2 2
+7 2

fl=(8)
fn=(60)
45 7
+2 3
+85 8
-45 3
cfi=(21)
cfn=(62)
calls=1 -3 
* 5
* 1
+15 1
-15 1
+20 1
-1 1
+3 12
+4 3
-2 6
+2 10
+2 1
+1 2
-3 4
+7 3
-1 3
+4 3
-2 3
+2 10
+5 2

fl=(28)
fn=(80)
40 16
+1 4
cfi=(11)
cfn=(22)
calls=4 +25 
* 118
* 4
+1 8
cfi=(17)
cfn=(40)
calls=4 +52 
* 116
* 4
+2 8
+4 4
-1 8
+1 8
-1 8
cfi=(18)
cfn=(46)
calls=4 +14 
* 134

fl=(68) /build/glibc-LK5gWL/glibc-2.23/elf/../elf/dl-runtime.c
fn=(274) _dl_fixup
66 46
+5 46
-5 23
+3 46
+3 23
-1 46
-3 23
+5 138
+1 23
-1 23
+1 46
+5 46
+4 46
+4 69
+4 23
+1 115
+2 92
+7 46
-1 23
+1 23
+10 207
cfi=(6)
cfn=(172)
calls=23 806 
* 20995
* 23
+4 115
+10 138
+16 23
-8 23
+8 69
+4 69
fi=(5)
+92 23
fe=(68)
-88 69
fi=(119) /build/glibc-LK5gWL/glibc-2.23/elf/../sysdeps/x86_64/dl-irel.h
32 2
cob=(3)
cfi=(46)
cfn=(1490)
calls=1 +55 
* 5
cob=(3)
cfi=(120)
cfn=(570)
calls=1 -3 
* 7
* 2
fe=(68)

fl=(15)
fn=(32)
61 56
+1 4
cfi=(11)
cfn=(22)
calls=4 +4 
* 82
+6 4
-6 8
+6 8
+7 16
cfi=(17)
cfn=(36)
calls=4 +28 
* 209
* 4
+3 4
-3 4
+3 4
+4 4
+5 8
-6 4
+6 4
-5 4
+3 8
+2 4
cfi=(18)
cfn=(46)
calls=4 -26 
* 111
+10 4
-10 4
+10 4
-8 4
+9 8
-1 12
+1 12
+3 4
-4 4
+1 4
+3 4
+9 4
-7 4
+4 4
+3 10
+2 2
-2 2
+2 30
-2 30
+12 4
+6 4
-5 4
-1 4
+6 20
+2 3
+3 3
-3 3
+3 3
-3 6
+7 9
+4 6
+2 5
+6 1
+6 1
-3 2
+3 5
-3 6
+3 6
+2 9
cfi=(11)
cfn=(22)
calls=3 -91 
* 102
+4 3
-4 12
+4 9
+64 6
+4 32
68 40
+34 11
+39 12
+70 9
cfi=(25)
cfn=(70)
calls=3 61 
* 97
* 53
+6 50
-1 50
+1 53
-1 3
+1 9
+5 6
-89 2
+32 6
cfi=(17)
cfn=(40)
calls=3 -71 
* 87
* 3
+1 3
-1 3
+1 9
+2 1
-35 2

fn=(48)
32 20
+2 8
cfi=(2)
cfn=(50)
calls=4 704 
* 8
+2 4
-2 4
+2 27
+3 27
+2 3
+2 3
+4 3
+4 3
-4 6
+1 3
+4 6
-4 3
+1 3
+3 3
-3 3
+2 3
cfi=(2)
cfn=(52)
calls=3 710 
* 6
-4 1
+4 1
-4 2
+1 1
+4 2
-4 1
+1 1
+3 1
-3 1
+2 1
cfi=(2)
cfn=(52)
calls=1 710 
* 2
-5 2

fl=(17)
fn=(84)
120 1
+2 3
+7 2

fn=(40)
94 26
+1 52
cfn=(44)
calls=26 -43 
* 758
* 26

fn=(78)
354 4
+2 2
+1 4
+4 33
+7 84
-2 56
+13 1
+4 2
-7 14
-15 44

fn=(44)
52 81
+1 107
+11 78
+3 26
-3 26
+3 52
-3 3
+3 1
-3 1
+3 98
+4 12
+1 6
+6 24
cfi=(37)
cfn=(122)
calls=3 -45 
* 99
+2 15
+4 9
+3 3
+1 3
+2 15
-3 24
+1 24
+2 120
-31 2
-1 5

fn=(36)
103 10
+8 30
-4 10
+4 20
+3 10
cfn=(40)
calls=10 -20 
* 398
* 10

fl=(26)
fn=(72)
53 16
+1 16
+1 16
+1 16
+1 16
+2 16
+1 16
+1 14
+1 14
+15 2
+1 2
+1 2
+1 2
+1 2
+1 2
+1 2
+1 2
+1 2
+1 2
+1 2
+1 2
+1 2
+1 4
+3 2
+1 2
+1 2
+1 2
+1 2
+1 2
+1 2
-6 34
+1 34
+1 34
+1 34
+1 34
+1 34
+1 34
+1 2
+3 14
+1 14
+1 14
+1 6
+1 6
+1 2
+1 2
+3 2
+1 2
+1 2
+1 2
+2 4
+1 4
+1 4
+2 8
+1 8
+1 8

fl=(93) /build/glibc-LK5gWL/glibc-2.23/elf/dl-open.c
fn=(368) _dl_find_dso_for_object
182 5
+1 4
+1 16
+1 2
+3 2
+4 1
-9 9

fl=(67)
fn=(272)
71 1
+3 1
+2 1
+8 1
+6 1
+1 1
+1 1
+1 1
+1 1
+1 1
+1 1
+4 1
+1 1
+3 1
+1 1
+2 1
+1 1
+1 1
+1 1
+1 1
+1 1
+2 1
+13 1
+1 1
+1 1
cfi=(68)
cfn=(274)
calls=1 -63 
* 1072
+1 1
+5 1
+1 1
+1 1
+2 1
+1 1
+1 1
+1 1
+1 1
+1 1
+1 1
+2 1
+2 1
+4 1
+3 1

fn=(273)
71 22
+3 22
+2 22
+8 22
+6 22
+1 22
+1 22
+1 22
+1 22
+1 22
+1 22
+4 22
+1 22
+3 22
+1 22
+2 22
+1 22
+1 22
+1 22
+1 22
+1 22
+2 22
+13 22
+1 22
+1 22
cfi=(68)
cfn=(274)
calls=22 -63 
* 21664
+1 22
+5 22
+1 22
+1 22
+2 22
+1 22
+1 22
+1 22
+1 22
+1 22
+1 22
+2 22
+2 22
+4 22
+3 22

fl=(23)
fn=(66)
39 6
+3 1
-3 2
+3 1
-1 1
+1 1
+9 1
-12 4
+12 2
+10 4
162 2
-47 3
cfi=(24)
cfn=(68)
calls=1 -31 
* 9
* 2
+55 3
+2 2
+1 5
+4 2
+4 1
-4 1
+1 1
+3 1
+3 1
+1 1
-1 1
+4 3
+1 1
-1 9
+1 1
+18 10
+1 2
-1 1
+1 3
cfi=(17)
cfn=(40)
calls=1 94 
* 29
* 1
+1 1
-1 1
+1 5
+29 1
+3 1
-3 2
+3 1
+23 7
+6 2
-1 2
+1 6
-1 8
+5 6
+3 1
-3 1
+3 1
-3 3
+3 1
-3 1
+3 5
+1 12
+1 4
-1 4
+1 8
-2 4
+1 8
-1 14
+4 4
+4 1
-1 1
+2 1
-2 1
+1 1
+1 1
-2 1
+2 10
+13 2
+1 1
-1 1
+3 2
-3 2
+1 1
-1 1
+3 2
+3 4
+3 1
-1 1
+1 9
113 1
+17 1
+1 1
-1 9
243 6
cfi=(25)
cfn=(70)
calls=1 61 
* 22
* 4
cfi=(25)
cfn=(70)
calls=1 61 
* 18
+1 4
cfi=(25)
cfn=(70)
calls=1 61 
* 22
* 4
cfi=(25)
cfn=(70)
calls=1 61 
* 18
* 12

fl=(24)
fn=(68)
84 16
+2 20

fn=(112)
84 12
+1 3

fn=(110)
84 36
+1 4
+1 25

fn=(132)
84 16
+1 4

fl=(18)
fn=(46)
61 24
+2 24
+2 24
+3 22
+1 22
+2 4
+1 4
+2 4
+1 4
+5 4
+1 4
-1 18
+1 18
+2 6
+1 6
+2 6
+1 12
+5 6
+1 6
-1 16
+1 16
+2 5
+1 5
+2 5
+1 5
+5 5
+1 5
-1 17
+1 17
+2 14
+1 14
+2 14
+1 14
+5 14
+1 14
-1 8
+1 16
+5 8
+1 8
+1 8
+1 8
+2 8
+2 8
+1 8
+2 8
+8 22
+8 8
+6 8
+2 8
+1 8
+3 3
+1 9
+5 3
+1 3
+2 3
+2 3
+1 3
+2 3
-8 7
+1 7
+2 7
+2 7
+1 7
+2 13
+9 3
+1 3
-1 5
+1 5
+3 8
+1 8
+1 8
+5 6
+2 6
+1 6
+1 6
+1 6
+2 6
+1 6
+1 6
+1 6
+2 6
+1 6
+2 6
+22 8
+6 8
+1 8
+2 2

fl=(9)
fn=(16)
31 7
+8 1
-6 2
+7 1

fl=(14)
fn=(30)
24 16
+1 16
+1 16
+1 16
+1 16
+1 16
+1 16
+1 16
+3 16
+1 16
+1 6
+1 6
+1 6
+1 6
+1 6
+1 6
+1 6
+2 15
+1 15
+1 5
+1 5
+1 5
+1 5
+1 5
+1 5
+1 5
+2 15
+1 15
+1 6
+1 6
+1 6
+1 6
+1 2
+1 2
+1 2
+2 11
+1 11
+1 6
+1 6
+1 6
+1 6
+5 5
+1 5
+1 5
+1 5
+1 5
+1 5
+1 5
+1 3
+1 3
+1 3
+1 3
+1 3
+7 3
+2 4
+4 10
+1 10
+1 1
+1 1
+1 1
+1 1
+1 1
+1 1
+1 1
+1 1
+1 1
+1 1
+1 1
+4 11
+1 11

fl=(39)
fn=(126)
84 32
+1 8

fn=(208)
84 4
+1 1

totals: 401131
