# unix_time, cycles_done, cur_path, paths_total, pending_total, pending_favs, map_size, unique_crashes, unique_hangs, max_depth, execs_per_sec
1593842004, 0, 0, 1, 1, 1, 0.01%, 0, 0, 1, 2000.00
1593842009, 68, 0, 1, 0, 0, 0.01%, 0, 0, 1, 3336.57
1593842014, 137, 0, 1, 0, 0, 0.01%, 0, 0, 1, 3381.81
1593842019, 202, 0, 1, 0, 0, 0.01%, 0, 0, 1, 3373.53
1593842025, 274, 0, 1, 0, 0, 0.01%, 0, 0, 1, 3565.75
1593842030, 340, 0, 1, 0, 0, 0.01%, 0, 0, 1, 3408.32
1593842035, 409, 0, 1, 0, 0, 0.01%, 0, 0, 1, 3494.53
1593842040, 480, 0, 1, 0, 0, 0.01%, 0, 0, 1, 3488.38
1593842045, 552, 0, 1, 0, 0, 0.01%, 0, 0, 1, 3612.67
1593842050, 624, 0, 1, 0, 0, 0.01%, 0, 0, 1, 3648.55
1593842055, 696, 0, 1, 0, 0, 0.01%, 0, 0, 1, 3642.40
1593842060, 768, 0, 1, 0, 0, 0.01%, 0, 0, 1, 3640.07
1593842065, 840, 0, 1, 0, 0, 0.01%, 0, 0, 1, 3654.65
1593842070, 912, 0, 1, 0, 0, 0.01%, 0, 0, 1, 3627.56
1593842075, 984, 0, 1, 0, 0, 0.01%, 0, 0, 1, 3639.12
1593842080, 1056, 0, 1, 0, 0, 0.01%, 0, 0, 1, 3641.91
1593842085, 1128, 0, 1, 0, 0, 0.01%, 0, 0, 1, 3653.00
1593842090, 1200, 0, 1, 0, 0, 0.01%, 0, 0, 1, 3623.29
1593842095, 1272, 0, 1, 0, 0, 0.01%, 0, 0, 1, 3635.18
1593842101, 1344, 0, 1, 0, 0, 0.01%, 0, 0, 1, 3610.65
1593842106, 1416, 0, 1, 0, 0, 0.01%, 0, 0, 1, 3648.94
1593842111, 1488, 0, 1, 0, 0, 0.01%, 0, 0, 1, 3648.91
1593842116, 1560, 0, 1, 0, 0, 0.01%, 0, 0, 1, 3646.68
1593842121, 1632, 0, 1, 0, 0, 0.01%, 0, 0, 1, 3650.58
1593842126, 1704, 0, 1, 0, 0, 0.01%, 0, 0, 1, 3632.39
1593842131, 1776, 0, 1, 0, 0, 0.01%, 0, 0, 1, 3648.21
1593842136, 1847, 0, 1, 0, 0, 0.01%, 0, 0, 1, 3617.24
1593842141, 1919, 0, 1, 0, 0, 0.01%, 0, 0, 1, 3652.72
1593842146, 1991, 0, 1, 0, 0, 0.01%, 0, 0, 1, 3629.02
1593842151, 2063, 0, 1, 0, 0, 0.01%, 0, 0, 1, 3642.64
1593842156, 2135, 0, 1, 0, 0, 0.01%, 0, 0, 1, 3661.70
1593842161, 2207, 0, 1, 0, 0, 0.01%, 0, 0, 1, 3640.39
1593842166, 2279, 0, 1, 0, 0, 0.01%, 0, 0, 1, 3647.34
1593842171, 2350, 0, 1, 0, 0, 0.01%, 0, 0, 1, 3637.42
1593842176, 2422, 0, 1, 0, 0, 0.01%, 0, 0, 1, 3645.52
1593842181, 2493, 0, 1, 0, 0, 0.01%, 0, 0, 1, 3601.87
1593842186, 2565, 0, 1, 0, 0, 0.01%, 0, 0, 1, 3630.92
1593842192, 2637, 0, 1, 0, 0, 0.01%, 0, 0, 1, 3628.61
1593842197, 2709, 0, 1, 0, 0, 0.01%, 0, 0, 1, 3622.25
1593842202, 2781, 0, 1, 0, 0, 0.01%, 0, 0, 1, 3635.71
1593842207, 2853, 0, 1, 0, 0, 0.01%, 0, 0, 1, 3621.35
1593842212, 2925, 0, 1, 0, 0, 0.01%, 0, 0, 1, 3652.38
1593842217, 2997, 0, 1, 0, 0, 0.01%, 0, 0, 1, 3629.48
1593842222, 3069, 0, 1, 0, 0, 0.01%, 0, 0, 1, 3634.69
1593842227, 3141, 0, 1, 0, 0, 0.01%, 0, 0, 1, 3647.80
1593842232, 3213, 0, 1, 0, 0, 0.01%, 0, 0, 1, 3633.26
1593842237, 3285, 0, 1, 0, 0, 0.01%, 0, 0, 1, 3642.82
1593842242, 3357, 0, 1, 0, 0, 0.01%, 0, 0, 1, 3648.13
1593842247, 3429, 0, 1, 0, 0, 0.01%, 0, 0, 1, 3641.78
1593842252, 3501, 0, 1, 0, 0, 0.01%, 0, 0, 1, 3634.46
1593842257, 3573, 0, 1, 0, 0, 0.01%, 0, 0, 1, 3637.74
1593842262, 3645, 0, 1, 0, 0, 0.01%, 0, 0, 1, 3645.85
1593842268, 3717, 0, 1, 0, 0, 0.01%, 0, 0, 1, 3627.38
1593842273, 3789, 0, 1, 0, 0, 0.01%, 0, 0, 1, 3639.67
1593842278, 3861, 0, 1, 0, 0, 0.01%, 0, 0, 1, 3648.35
1593842283, 3933, 0, 1, 0, 0, 0.01%, 0, 0, 1, 3642.30
1593842288, 4005, 0, 1, 0, 0, 0.01%, 0, 0, 1, 3638.60
1593842293, 4077, 0, 1, 0, 0, 0.01%, 0, 0, 1, 3646.69
1593842298, 4149, 0, 1, 0, 0, 0.01%, 0, 0, 1, 3641.62
1593842303, 4219, 0, 1, 0, 0, 0.01%, 0, 0, 1, 3610.85
1593842308, 4291, 0, 1, 0, 0, 0.01%, 0, 0, 1, 3631.21
1593842313, 4363, 0, 1, 0, 0, 0.01%, 0, 0, 1, 3654.13
1593842318, 4435, 0, 1, 0, 0, 0.01%, 0, 0, 1, 3652.00
1593842323, 4507, 0, 1, 0, 0, 0.01%, 0, 0, 1, 3646.08
1593842328, 4579, 0, 1, 0, 0, 0.01%, 0, 0, 1, 3642.89
1593842333, 4651, 0, 1, 0, 0, 0.01%, 0, 0, 1, 3638.45
1593842338, 4723, 0, 1, 0, 0, 0.01%, 0, 0, 1, 3647.67
1593842343, 4795, 0, 1, 0, 0, 0.01%, 0, 0, 1, 3640.24
1593842348, 4867, 0, 1, 0, 0, 0.01%, 0, 0, 1, 3645.01
1593842354, 4939, 0, 1, 0, 0, 0.01%, 0, 0, 1, 3647.23
1593842359, 5011, 0, 1, 0, 0, 0.01%, 0, 0, 1, 3614.23
1593842364, 5083, 0, 1, 0, 0, 0.01%, 0, 0, 1, 3639.26
1593842369, 5155, 0, 1, 0, 0, 0.01%, 0, 0, 1, 3644.34
1593842374, 5227, 0, 1, 0, 0, 0.01%, 0, 0, 1, 3648.86
1593842379, 5299, 0, 1, 0, 0, 0.01%, 0, 0, 1, 3648.76
1593842384, 5371, 0, 1, 0, 0, 0.01%, 0, 0, 1, 3654.06
1593842389, 5443, 0, 1, 0, 0, 0.01%, 0, 0, 1, 3641.57
1593842394, 5514, 0, 1, 0, 0, 0.01%, 0, 0, 1, 3608.19
1593842399, 5586, 0, 1, 0, 0, 0.01%, 0, 0, 1, 3637.71
1593842404, 5657, 0, 1, 0, 0, 0.01%, 0, 0, 1, 3643.29
1593842409, 5729, 0, 1, 0, 0, 0.01%, 0, 0, 1, 3641.48
1593842414, 5801, 0, 1, 0, 0, 0.01%, 0, 0, 1, 3651.79
1593842419, 5873, 0, 1, 0, 0, 0.01%, 0, 0, 1, 3651.08
1593842424, 5945, 0, 1, 0, 0, 0.01%, 0, 0, 1, 3652.39
1593842429, 6017, 0, 1, 0, 0, 0.01%, 0, 0, 1, 3642.82
1593842434, 6089, 0, 1, 0, 0, 0.01%, 0, 0, 1, 3640.09
1593842439, 6161, 0, 1, 0, 0, 0.01%, 0, 0, 1, 3642.84
1593842444, 6233, 0, 1, 0, 0, 0.01%, 0, 0, 1, 3644.57
1593842450, 6305, 0, 1, 0, 0, 0.01%, 0, 0, 1, 3638.87
1593842455, 6377, 0, 1, 0, 0, 0.01%, 0, 0, 1, 3653.97
1593842460, 6449, 0, 1, 0, 0, 0.01%, 0, 0, 1, 3639.16
1593842465, 6521, 0, 1, 0, 0, 0.01%, 0, 0, 1, 3625.93
1593842470, 6593, 0, 1, 0, 0, 0.01%, 0, 0, 1, 3627.15
1593842475, 6665, 0, 1, 0, 0, 0.01%, 0, 0, 1, 3640.52
1593842480, 6736, 0, 1, 0, 0, 0.01%, 0, 0, 1, 3616.41
1593842485, 6806, 0, 1, 0, 0, 0.01%, 0, 0, 1, 3537.63
1593842490, 6878, 0, 1, 0, 0, 0.01%, 0, 0, 1, 3617.82
1593842495, 6950, 0, 1, 0, 0, 0.01%, 0, 0, 1, 3624.03
1593842500, 7022, 0, 1, 0, 0, 0.01%, 0, 0, 1, 3644.25
1593842505, 7094, 0, 1, 0, 0, 0.01%, 0, 0, 1, 3660.41
1593842510, 7166, 0, 1, 0, 0, 0.01%, 0, 0, 1, 3650.13
1593842515, 7238, 0, 1, 0, 0, 0.01%, 0, 0, 1, 3651.47
1593842521, 7310, 0, 1, 0, 0, 0.01%, 0, 0, 1, 3626.85
1593842526, 7382, 0, 1, 0, 0, 0.01%, 0, 0, 1, 3623.05
1593842531, 7454, 0, 1, 0, 0, 0.01%, 0, 0, 1, 3644.66
1593842536, 7526, 0, 1, 0, 0, 0.01%, 0, 0, 1, 3636.59
1593842541, 7598, 0, 1, 0, 0, 0.01%, 0, 0, 1, 3629.97
1593842546, 7670, 0, 1, 0, 0, 0.01%, 0, 0, 1, 3638.32
1593842551, 7741, 0, 1, 0, 0, 0.01%, 0, 0, 1, 3609.52
1593842556, 7813, 0, 1, 0, 0, 0.01%, 0, 0, 1, 3629.58
1593842561, 7885, 0, 1, 0, 0, 0.01%, 0, 0, 1, 3618.20
1593842566, 7957, 0, 1, 0, 0, 0.01%, 0, 0, 1, 3640.63
1593842571, 8028, 0, 1, 0, 0, 0.01%, 0, 0, 1, 3633.59
1593842576, 8100, 0, 1, 0, 0, 0.01%, 0, 0, 1, 3637.67
1593842581, 8172, 0, 1, 0, 0, 0.01%, 0, 0, 1, 3634.63
1593842586, 8244, 0, 1, 0, 0, 0.01%, 0, 0, 1, 3649.04
1593842591, 8316, 0, 1, 0, 0, 0.01%, 0, 0, 1, 3645.16
1593842596, 8388, 0, 1, 0, 0, 0.01%, 0, 0, 1, 3640.33
1593842602, 8459, 0, 1, 0, 0, 0.01%, 0, 0, 1, 3616.28
1593842607, 8530, 0, 1, 0, 0, 0.01%, 0, 0, 1, 3612.80
1593842612, 8602, 0, 1, 0, 0, 0.01%, 0, 0, 1, 3612.10
1593842617, 8674, 0, 1, 0, 0, 0.01%, 0, 0, 1, 3609.82
1593842622, 8746, 0, 1, 0, 0, 0.01%, 0, 0, 1, 3622.10
1593842627, 8818, 0, 1, 0, 0, 0.01%, 0, 0, 1, 3626.94
1593842632, 8890, 0, 1, 0, 0, 0.01%, 0, 0, 1, 3616.49
1593842637, 8962, 0, 1, 0, 0, 0.01%, 0, 0, 1, 3616.46
1593842642, 9034, 0, 1, 0, 0, 0.01%, 0, 0, 1, 3613.60
1593842647, 9106, 0, 1, 0, 0, 0.01%, 0, 0, 1, 3630.45
1593842652, 9178, 0, 1, 0, 0, 0.01%, 0, 0, 1, 3633.47
1593842657, 9250, 0, 1, 0, 0, 0.01%, 0, 0, 1, 3626.96
1593842663, 9322, 0, 1, 0, 0, 0.01%, 0, 0, 1, 3617.91
1593842668, 9394, 0, 1, 0, 0, 0.01%, 0, 0, 1, 3616.99
1593842673, 9466, 0, 1, 0, 0, 0.01%, 0, 0, 1, 3624.66
1593842678, 9538, 0, 1, 0, 0, 0.01%, 0, 0, 1, 3613.99
1593842683, 9610, 0, 1, 0, 0, 0.01%, 0, 0, 1, 3617.20
1593842688, 9682, 0, 1, 0, 0, 0.01%, 0, 0, 1, 3622.64
1593842693, 9754, 0, 1, 0, 0, 0.01%, 0, 0, 1, 3615.98
1593842698, 9826, 0, 1, 0, 0, 0.01%, 0, 0, 1, 3627.09
1593842703, 9897, 0, 1, 0, 0, 0.01%, 0, 0, 1, 3608.88
1593842708, 9969, 0, 1, 0, 0, 0.01%, 0, 0, 1, 3631.50
1593842713, 10041, 0, 1, 0, 0, 0.01%, 0, 0, 1, 3630.19
1593842719, 10113, 0, 1, 0, 0, 0.01%, 0, 0, 1, 3635.07
1593842724, 10185, 0, 1, 0, 0, 0.01%, 0, 0, 1, 3618.24
1593842729, 10257, 0, 1, 0, 0, 0.01%, 0, 0, 1, 3621.65
1593842734, 10329, 0, 1, 0, 0, 0.01%, 0, 0, 1, 3623.92
1593842739, 10401, 0, 1, 0, 0, 0.01%, 0, 0, 1, 3624.50
1593842744, 10473, 0, 1, 0, 0, 0.01%, 0, 0, 1, 3630.17
1593842749, 10544, 0, 1, 0, 0, 0.01%, 0, 0, 1, 3616.68
1593842754, 10616, 0, 1, 0, 0, 0.01%, 0, 0, 1, 3619.33
1593842759, 10688, 0, 1, 0, 0, 0.01%, 0, 0, 1, 3618.87
1593842764, 10760, 0, 1, 0, 0, 0.01%, 0, 0, 1, 3624.62
1593842769, 10832, 0, 1, 0, 0, 0.01%, 0, 0, 1, 3627.78
1593842774, 10904, 0, 1, 0, 0, 0.01%, 0, 0, 1, 3627.70
1593842780, 10976, 0, 1, 0, 0, 0.01%, 0, 0, 1, 3611.30
1593842785, 11048, 0, 1, 0, 0, 0.01%, 0, 0, 1, 3626.62
1593842790, 11120, 0, 1, 0, 0, 0.01%, 0, 0, 1, 3610.48
1593842795, 11191, 0, 1, 0, 0, 0.01%, 0, 0, 1, 3609.87
1593842800, 11263, 0, 1, 0, 0, 0.01%, 0, 0, 1, 3617.52
1593842805, 11335, 0, 1, 0, 0, 0.01%, 0, 0, 1, 3634.97
1593842810, 11403, 0, 1, 0, 0, 0.01%, 0, 0, 1, 3436.98
1593842815, 11467, 0, 1, 0, 0, 0.01%, 0, 0, 1, 3298.03
1593842820, 11533, 0, 1, 0, 0, 0.01%, 0, 0, 1, 3327.82
1593842825, 11599, 0, 1, 0, 0, 0.01%, 0, 0, 1, 3376.49
1593842830, 11664, 0, 1, 0, 0, 0.01%, 0, 0, 1, 3359.97
1593842835, 11733, 0, 1, 0, 0, 0.01%, 0, 0, 1, 3487.92
1593842840, 11802, 0, 1, 0, 0, 0.01%, 0, 0, 1, 3516.67
1593842845, 11873, 0, 1, 0, 0, 0.01%, 0, 0, 1, 3544.58
1593842850, 11944, 0, 1, 0, 0, 0.01%, 0, 0, 1, 3577.52
1593842856, 12016, 0, 1, 0, 0, 0.01%, 0, 0, 1, 3602.11
1593842861, 12088, 0, 1, 0, 0, 0.01%, 0, 0, 1, 3591.11
1593842866, 12160, 0, 1, 0, 0, 0.01%, 0, 0, 1, 3614.39
1593842871, 12231, 0, 1, 0, 0, 0.01%, 0, 0, 1, 3585.38
1593842876, 12303, 0, 1, 0, 0, 0.01%, 0, 0, 1, 3622.00
1593842881, 12375, 0, 1, 0, 0, 0.01%, 0, 0, 1, 3588.50
1593842886, 12446, 0, 1, 0, 0, 0.01%, 0, 0, 1, 3592.69
1593842891, 12518, 0, 1, 0, 0, 0.01%, 0, 0, 1, 3620.70
1593842896, 12587, 0, 1, 0, 0, 0.01%, 0, 0, 1, 3507.51
1593842901, 12658, 0, 1, 0, 0, 0.01%, 0, 0, 1, 3519.20
1593842907, 12729, 0, 1, 0, 0, 0.01%, 0, 0, 1, 3569.38
1593842912, 12801, 0, 1, 0, 0, 0.01%, 0, 0, 1, 3599.16
1593842917, 12873, 0, 1, 0, 0, 0.01%, 0, 0, 1, 3610.77
1593842922, 12945, 0, 1, 0, 0, 0.01%, 0, 0, 1, 3626.67
1593842927, 13017, 0, 1, 0, 0, 0.01%, 0, 0, 1, 3632.44
1593842932, 13089, 0, 1, 0, 0, 0.01%, 0, 0, 1, 3634.62
1593842937, 13161, 0, 1, 0, 0, 0.01%, 0, 0, 1, 3631.41
1593842942, 13232, 0, 1, 0, 0, 0.01%, 0, 0, 1, 3627.08
1593842947, 13304, 0, 1, 0, 0, 0.01%, 0, 0, 1, 3619.24
1593842952, 13375, 0, 1, 0, 0, 0.01%, 0, 0, 1, 3630.61
1593842957, 13447, 0, 1, 0, 0, 0.01%, 0, 0, 1, 3624.45
1593842962, 13519, 0, 1, 0, 0, 0.01%, 0, 0, 1, 3641.89
1593842967, 13591, 0, 1, 0, 0, 0.01%, 0, 0, 1, 3621.95
1593842972, 13663, 0, 1, 0, 0, 0.01%, 0, 0, 1, 3613.38
1593842978, 13735, 0, 1, 0, 0, 0.01%, 0, 0, 1, 3628.93
1593842983, 13807, 0, 1, 0, 0, 0.01%, 0, 0, 1, 3638.32
1593842988, 13879, 0, 1, 0, 0, 0.01%, 0, 0, 1, 3610.26
1593842993, 13951, 0, 1, 0, 0, 0.01%, 0, 0, 1, 3628.77
1593842998, 14023, 0, 1, 0, 0, 0.01%, 0, 0, 1, 3637.35
1593843003, 14095, 0, 1, 0, 0, 0.01%, 0, 0, 1, 3631.77
1593843008, 14167, 0, 1, 0, 0, 0.01%, 0, 0, 1, 3631.17
1593843013, 14239, 0, 1, 0, 0, 0.01%, 0, 0, 1, 3631.50
1593843018, 14311, 0, 1, 0, 0, 0.01%, 0, 0, 1, 3627.53
1593843023, 14383, 0, 1, 0, 0, 0.01%, 0, 0, 1, 3632.23
1593843028, 14455, 0, 1, 0, 0, 0.01%, 0, 0, 1, 3622.28
1593843033, 14527, 0, 1, 0, 0, 0.01%, 0, 0, 1, 3625.30
1593843038, 14599, 0, 1, 0, 0, 0.01%, 0, 0, 1, 3628.83
1593843044, 14671, 0, 1, 0, 0, 0.01%, 0, 0, 1, 3616.39
1593843049, 14743, 0, 1, 0, 0, 0.01%, 0, 0, 1, 3624.33
1593843054, 14815, 0, 1, 0, 0, 0.01%, 0, 0, 1, 3628.78
1593843059, 14887, 0, 1, 0, 0, 0.01%, 0, 0, 1, 3626.94
1593843064, 14958, 0, 1, 0, 0, 0.01%, 0, 0, 1, 3632.06
1593843069, 15030, 0, 1, 0, 0, 0.01%, 0, 0, 1, 3627.89
1593843074, 15102, 0, 1, 0, 0, 0.01%, 0, 0, 1, 3627.82
1593843079, 15174, 0, 1, 0, 0, 0.01%, 0, 0, 1, 3636.25
1593843084, 15246, 0, 1, 0, 0, 0.01%, 0, 0, 1, 3620.31
1593843089, 15318, 0, 1, 0, 0, 0.01%, 0, 0, 1, 3603.95
1593843094, 15390, 0, 1, 0, 0, 0.01%, 0, 0, 1, 3620.88
1593843099, 15462, 0, 1, 0, 0, 0.01%, 0, 0, 1, 3617.43
1593843105, 15534, 0, 1, 0, 0, 0.01%, 0, 0, 1, 3636.97
1593843110, 15606, 0, 1, 0, 0, 0.01%, 0, 0, 1, 3628.04
1593843115, 15678, 0, 1, 0, 0, 0.01%, 0, 0, 1, 3641.15
1593843120, 15750, 0, 1, 0, 0, 0.01%, 0, 0, 1, 3612.01
1593843125, 15821, 0, 1, 0, 0, 0.01%, 0, 0, 1, 3624.31
1593843130, 15893, 0, 1, 0, 0, 0.01%, 0, 0, 1, 3632.66
1593843135, 15965, 0, 1, 0, 0, 0.01%, 0, 0, 1, 3628.61
1593843140, 16037, 0, 1, 0, 0, 0.01%, 0, 0, 1, 3607.50
1593843145, 16109, 0, 1, 0, 0, 0.01%, 0, 0, 1, 3626.46
1593843150, 16181, 0, 1, 0, 0, 0.01%, 0, 0, 1, 3613.55
1593843155, 16253, 0, 1, 0, 0, 0.01%, 0, 0, 1, 3615.24
1593843160, 16325, 0, 1, 0, 0, 0.01%, 0, 0, 1, 3608.20
1593843165, 16397, 0, 1, 0, 0, 0.01%, 0, 0, 1, 3621.58
1593843171, 16469, 0, 1, 0, 0, 0.01%, 0, 0, 1, 3629.61
1593843176, 16541, 0, 1, 0, 0, 0.01%, 0, 0, 1, 3634.74
1593843181, 16612, 0, 1, 0, 0, 0.01%, 0, 0, 1, 3623.64
1593843186, 16684, 0, 1, 0, 0, 0.01%, 0, 0, 1, 3636.41
1593843191, 16756, 0, 1, 0, 0, 0.01%, 0, 0, 1, 3641.39
1593843196, 16828, 0, 1, 0, 0, 0.01%, 0, 0, 1, 3641.37
1593843201, 16895, 0, 1, 0, 0, 0.01%, 0, 0, 1, 3404.34
1593843206, 16967, 0, 1, 0, 0, 0.01%, 0, 0, 1, 3567.39
1593843211, 17039, 0, 1, 0, 0, 0.01%, 0, 0, 1, 3606.79
1593843216, 17111, 0, 1, 0, 0, 0.01%, 0, 0, 1, 3632.04
1593843221, 17183, 0, 1, 0, 0, 0.01%, 0, 0, 1, 3626.69
1593843226, 17255, 0, 1, 0, 0, 0.01%, 0, 0, 1, 3624.02
1593843231, 17327, 0, 1, 0, 0, 0.01%, 0, 0, 1, 3640.28
1593843236, 17399, 0, 1, 0, 0, 0.01%, 0, 0, 1, 3638.59
1593843242, 17471, 0, 1, 0, 0, 0.01%, 0, 0, 1, 3628.39
1593843247, 17543, 0, 1, 0, 0, 0.01%, 0, 0, 1, 3624.50
1593843252, 17615, 0, 1, 0, 0, 0.01%, 0, 0, 1, 3637.33
1593843257, 17687, 0, 1, 0, 0, 0.01%, 0, 0, 1, 3628.61
1593843262, 17759, 0, 1, 0, 0, 0.01%, 0, 0, 1, 3631.71
1593843267, 17831, 0, 1, 0, 0, 0.01%, 0, 0, 1, 3635.27
1593843272, 17903, 0, 1, 0, 0, 0.01%, 0, 0, 1, 3638.23
1593843277, 17974, 0, 1, 0, 0, 0.01%, 0, 0, 1, 3617.42
1593843282, 18046, 0, 1, 0, 0, 0.01%, 0, 0, 1, 3637.49
1593843287, 18118, 0, 1, 0, 0, 0.01%, 0, 0, 1, 3634.68
1593843292, 18190, 0, 1, 0, 0, 0.01%, 0, 0, 1, 3640.78
1593843297, 18262, 0, 1, 0, 0, 0.01%, 0, 0, 1, 3625.39
1593843302, 18334, 0, 1, 0, 0, 0.01%, 0, 0, 1, 3623.54
1593843308, 18406, 0, 1, 0, 0, 0.01%, 0, 0, 1, 3625.83
1593843313, 18478, 0, 1, 0, 0, 0.01%, 0, 0, 1, 3633.32
1593843318, 18550, 0, 1, 0, 0, 0.01%, 0, 0, 1, 3638.15
1593843323, 18622, 0, 1, 0, 0, 0.01%, 0, 0, 1, 3637.91
1593843328, 18694, 0, 1, 0, 0, 0.01%, 0, 0, 1, 3638.37
1593843333, 18766, 0, 1, 0, 0, 0.01%, 0, 0, 1, 3633.75
1593843338, 18838, 0, 1, 0, 0, 0.01%, 0, 0, 1, 3623.75
1593843343, 18909, 0, 1, 0, 0, 0.01%, 0, 0, 1, 3627.49
1593843348, 18981, 0, 1, 0, 0, 0.01%, 0, 0, 1, 3622.21
1593843353, 19053, 0, 1, 0, 0, 0.01%, 0, 0, 1, 3639.46
1593843358, 19125, 0, 1, 0, 0, 0.01%, 0, 0, 1, 3635.89
1593843363, 19197, 0, 1, 0, 0, 0.01%, 0, 0, 1, 3627.57
1593843368, 19269, 0, 1, 0, 0, 0.01%, 0, 0, 1, 3627.99
1593843373, 19341, 0, 1, 0, 0, 0.01%, 0, 0, 1, 3638.85
1593843378, 19413, 0, 1, 0, 0, 0.01%, 0, 0, 1, 3619.05
1593843384, 19485, 0, 1, 0, 0, 0.01%, 0, 0, 1, 3627.60
1593843389, 19557, 0, 1, 0, 0, 0.01%, 0, 0, 1, 3619.74
1593843394, 19629, 0, 1, 0, 0, 0.01%, 0, 0, 1, 3624.85
1593843399, 19701, 0, 1, 0, 0, 0.01%, 0, 0, 1, 3627.83
1593843404, 19773, 0, 1, 0, 0, 0.01%, 0, 0, 1, 3621.93
1593843409, 19845, 0, 1, 0, 0, 0.01%, 0, 0, 1, 3642.34
1593843414, 19917, 0, 1, 0, 0, 0.01%, 0, 0, 1, 3633.86
1593843419, 19989, 0, 1, 0, 0, 0.01%, 0, 0, 1, 3630.24
1593843424, 20060, 0, 1, 0, 0, 0.01%, 0, 0, 1, 3630.48
1593843429, 20132, 0, 1, 0, 0, 0.01%, 0, 0, 1, 3628.67
1593843434, 20204, 0, 1, 0, 0, 0.01%, 0, 0, 1, 3617.09
1593843439, 20276, 0, 1, 0, 0, 0.01%, 0, 0, 1, 3617.28
1593843445, 20348, 0, 1, 0, 0, 0.01%, 0, 0, 1, 3620.36
1593843450, 20420, 0, 1, 0, 0, 0.01%, 0, 0, 1, 3623.34
1593843455, 20492, 0, 1, 0, 0, 0.01%, 0, 0, 1, 3623.71
1593843460, 20564, 0, 1, 0, 0, 0.01%, 0, 0, 1, 3627.92
1593843465, 20636, 0, 1, 0, 0, 0.01%, 0, 0, 1, 3625.56
1593843470, 20708, 0, 1, 0, 0, 0.01%, 0, 0, 1, 3628.74
1593843475, 20780, 0, 1, 0, 0, 0.01%, 0, 0, 1, 3628.88
1593843480, 20852, 0, 1, 0, 0, 0.01%, 0, 0, 1, 3630.32
1593843485, 20924, 0, 1, 0, 0, 0.01%, 0, 0, 1, 3637.94
1593843490, 20996, 0, 1, 0, 0, 0.01%, 0, 0, 1, 3634.29
1593843495, 21068, 0, 1, 0, 0, 0.01%, 0, 0, 1, 3630.36
1593843500, 21140, 0, 1, 0, 0, 0.01%, 0, 0, 1, 3593.45
1593843505, 21212, 0, 1, 0, 0, 0.01%, 0, 0, 1, 3615.32
1593843511, 21284, 0, 1, 0, 0, 0.01%, 0, 0, 1, 3619.36
1593843516, 21355, 0, 1, 0, 0, 0.01%, 0, 0, 1, 3614.89
1593843521, 21427, 0, 1, 0, 0, 0.01%, 0, 0, 1, 3631.47
1593843526, 21499, 0, 1, 0, 0, 0.01%, 0, 0, 1, 3628.85
1593843531, 21571, 0, 1, 0, 0, 0.01%, 0, 0, 1, 3637.88
1593843536, 21643, 0, 1, 0, 0, 0.01%, 0, 0, 1, 3633.11
1593843541, 21715, 0, 1, 0, 0, 0.01%, 0, 0, 1, 3624.62
1593843546, 21787, 0, 1, 0, 0, 0.01%, 0, 0, 1, 3638.67
1593843551, 21859, 0, 1, 0, 0, 0.01%, 0, 0, 1, 3630.17
1593843556, 21931, 0, 1, 0, 0, 0.01%, 0, 0, 1, 3627.01
1593843561, 22003, 0, 1, 0, 0, 0.01%, 0, 0, 1, 3637.01
1593843566, 22074, 0, 1, 0, 0, 0.01%, 0, 0, 1, 3573.82
1593843571, 22141, 0, 1, 0, 0, 0.01%, 0, 0, 1, 3455.42
1593843576, 22210, 0, 1, 0, 0, 0.01%, 0, 0, 1, 3492.35
1593843581, 22281, 0, 1, 0, 0, 0.01%, 0, 0, 1, 3577.73
1593843587, 22353, 0, 1, 0, 0, 0.01%, 0, 0, 1, 3600.78
1593843592, 22425, 0, 1, 0, 0, 0.01%, 0, 0, 1, 3625.12
1593843597, 22497, 0, 1, 0, 0, 0.01%, 0, 0, 1, 3633.90
