version: 1
creator: callgrind-3.11.0
pid: 23089
cmd:  ./test
part: 1


desc: I1 cache: 
desc: D1 cache: 
desc: LL cache: 

desc: Timerange: Basic block 0 - 286442
desc: Trigger: Program termination

positions: line
events: Ir
summary: 1404742


ob=(2) ???
fl=(16) ???
fn=(418) 0x0000000000400a24
0 3

fn=(274) 0x00000000004004c8
0 6

fn=(426) 0x0000000004a28570
0 1
cob=(3) /lib/x86_64-linux-gnu/libc-2.23.so
cfi=(98) /build/glibc-e6zv40/glibc-2.23/stdlib/cxa_finalize.c
cfn=(428) __cxa_finalize
calls=1 31 
0 56

fn=(440) 0x0000000004a287b8
0 3

fn=(216) 0x0000000004a28530
0 6

fn=(82) 0x0000000004000ab0
0 1
cob=(1) /lib/x86_64-linux-gnu/ld-2.23.so
cfi=(17) /build/glibc-e6zv40/glibc-2.23/elf/dl-minimal.c
cfn=(84) free
calls=1 120 
0 6

fn=(328) 0x0000000004c498a0
0 1
cob=(3)
cfi=(83) /build/glibc-e6zv40/glibc-2.23/malloc/malloc.c
cfn=(330) malloc
calls=1 2909 
0 59222

ob=(4) /usr/lib/valgrind/vgpreload_core-amd64-linux.so
fl=(55) ???
fn=(220) 0x0000000000000650
0 17

fn=(420) 0x0000000000000610
0 8
cob=(2)
cfi=(16)
cfn=(426)
calls=1 0 
0 57
0 1
cfn=(434) 0x0000000000000580
calls=1 0 
0 9
0 3

fn=(434)
0 9

ob=(5) /home/xposimon/Desktop/AFEliminator/newantifuzz/test
fl=(65) ???
fn=(392) a
0 10
cob=(3)
cfi=(76) /build/glibc-e6zv40/glibc-2.23/stdio-common/printf.c
cfn=(310) printf
calls=1 28 
0 219
0 1
0 1
cob=(3)
cfi=(73) /build/glibc-e6zv40/glibc-2.23/stdlib/rand.c
cfn=(300) rand
calls=1 26 
0 47
0 1
0 16
cfn=(394) b
calls=1 0 
0 2990
0 3

fn=(393) a'2
0 37
cob=(3)
cfi=(76)
cfn=(310)
calls=3 28 
0 657
0 3
0 3
cob=(3)
cfi=(73)
cfn=(300)
calls=3 26 
0 141
0 3
0 48
cfn=(393)
calls=1 0 
0 904
cfn=(395) b'2
calls=2 0 
0 2702
0 12

fn=(272) __libc_csu_init
0 15
cob=(2)
cfi=(16)
cfn=(274)
calls=1 0 
0 6
0 8
cfn=(278) 0x0000000000400640
calls=1 0 
0 16
0 11

fn=(394)
0 10
cob=(3)
cfi=(76)
cfn=(310)
calls=1 28 
0 219
0 1
0 1
cob=(3)
cfi=(73)
cfn=(300)
calls=1 26 
0 47
0 1
0 16
cfn=(396) c
calls=1 0 
0 2692
0 3

fn=(395)
0 20
cob=(3)
cfi=(76)
cfn=(310)
calls=2 28 
0 438
0 2
0 2
cob=(3)
cfi=(73)
cfn=(300)
calls=2 26 
0 94
0 2
0 32
cfn=(397) c'2
calls=1 0 
0 308
cfn=(398) d
calls=1 0 
0 1798
0 6

fn=(252) _start
0 11
cob=(1)
cfi=(66) /build/glibc-e6zv40/glibc-2.23/elf/../sysdeps/x86_64/dl-trampoline.h
cfn=(260) _dl_runtime_resolve_xsave
calls=1 71 
0 1314344
0 5

fn=(294) cal_count
0 9018
cob=(3)
cfi=(73)
cfn=(300)
calls=1 26 
0 47
cob=(1)
cfi=(66)
cfn=(261) _dl_runtime_resolve_xsave'2
calls=1 71 
0 929
0 6
0 11432

fn=(396)
0 10
cob=(3)
cfi=(76)
cfn=(310)
calls=1 28 
0 219
0 1
0 1
cob=(3)
cfi=(73)
cfn=(300)
calls=1 26 
0 47
0 1
0 16
cfn=(393)
calls=1 0 
0 2394
0 3

fn=(397)
0 20
cob=(3)
cfi=(76)
cfn=(310)
calls=2 28 
0 438
0 2
0 2
cob=(3)
cfi=(73)
cfn=(300)
calls=2 26 
0 94
0 2
0 32
cfn=(393)
calls=2 0 
0 1212
0 6

fn=(278)
0 16

fn=(412) 0x00000000004005a0
0 8

fn=(292) main
0 8
cfn=(294)
calls=1 0 
0 17353
0 4
cob=(1)
cfi=(66)
cfn=(261)
calls=1 71 
0 61357
0 5
0 7002
cob=(3)
cfi=(76)
cfn=(310)
calls=1000 28 
0 594307
0 1000
0 3004
cfn=(294)
calls=1 0 
0 4079
0 4
cob=(3)
cfi=(76)
cfn=(310)
calls=1 28 
0 827
0 1
0 7002
cob=(3)
cfi=(76)
cfn=(310)
calls=1000 28 
0 594307
0 1000
0 3005
cob=(1)
cfi=(66)
cfn=(261)
calls=1 71 
0 947
0 5
0 2
cob=(1)
cfi=(66)
cfn=(261)
calls=1 71 
0 11426
0 5
0 7
cob=(3)
cfi=(76)
cfn=(310)
calls=1 28 
0 2169
0 1
0 7
cfn=(392)
calls=1 0 
0 3288
0 6

fn=(398)
0 10
cob=(3)
cfi=(76)
cfn=(310)
calls=1 28 
0 219
0 1
0 1
cob=(3)
cfi=(73)
cfn=(300)
calls=1 26 
0 47
0 1
0 16
cfn=(397)
calls=1 0 
0 1500
0 3

fn=(408) 0x0000000000400620
0 5
cfn=(412)
calls=1 0 
0 8
0 3

ob=(1)
fl=(1) ???
fn=(0) 0x0000000000000c30
0 2
cfi=(2) /build/glibc-e6zv40/glibc-2.23/elf/rtld.c
cfn=(2) _dl_start
calls=1 353 
0 88753
0 14
cfi=(54) /build/glibc-e6zv40/glibc-2.23/elf/dl-init.c
cfn=(212) _dl_init
calls=1 80 
0 1610
0 3
cob=(5)
cfi=(65)
cfn=(252)
calls=1 0 
0 1314360

fl=(21) /build/glibc-e6zv40/glibc-2.23/posix/../sysdeps/unix/syscall-template.S
fn=(62) uname
84 4
+1 1

fl=(97) /build/glibc-e6zv40/glibc-2.23/elf/dl-fini.c
fn=(406) _dl_fini
130 8
+17 1
+3 15
+3 2
cfi=(2)
cfn=(50) rtld_lock_default_lock_recursive
calls=1 704 
* 2
+2 1
+3 2
+2 6
+8 1
-3 1
+3 8
+7 8
+2 8
+2 4
+1 4
+5 4
-6 4
-6 4
+8 4
-8 9
+14 9
+1 2
+4 1
31 1
+2 1
192 1
33 1
+6 1
-1 1
+2 1
-2 2
+1 8
+1 1
cfi=(26) /build/glibc-e6zv40/glibc-2.23/string/../sysdeps/x86_64/multiarch/../memset.S
cfn=(72) memset
calls=1 +13 
* 15
* 1
+77 15
+3 16
cfi=(26)
cfn=(72)
calls=2 -67 
* 37
* 6
-76 9
+1 9
+4 12
+6 6
+1 6
+2 15
+1 7
+2 9
+1 6
201 3
cfi=(2)
cfn=(52) rtld_lock_default_unlock_recursive
calls=1 710 
* 2
+5 3
81 4
208 1
+2 3
-2 3
+2 9
+3 8
+3 12
+4 4
+9 2
+3 2
-3 2
+3 4
+2 8
+1 4
cob=(4)
cfi=(55)
cfn=(420)
calls=1 0 
* 78
cob=(5)
cfi=(65)
cfn=(408)
calls=1 0 
* 16
-1 8
+5 4
+1 6
cob=(2)
cfi=(16)
cfn=(440)
calls=1 0 
* 3
cob=(2)
cfi=(16)
cfn=(418)
calls=1 0 
* 3
+6 24
+16 8
-56 11
+11 6
92 9
+21 3
-57 8
268 4
+2 1
-2 2
+6 2
+7 8

fl=(12) /build/glibc-e6zv40/glibc-2.23/elf/../misc/sbrk.c
fn=(24) sbrk
34 4
+8 6
+4 2
+16 5

fl=(13) /build/glibc-e6zv40/glibc-2.23/elf/dl-environ.c
fn=(28) _dl_next_ld_env_entry
30 3
+3 10
+13 67
-13 201
+2 138
+1 20
+5 2
-3 2
+3 2
+2 2
-12 1
+19 1

fl=(27) /build/glibc-e6zv40/glibc-2.23/string/../sysdeps/x86_64/multiarch/../strchr.S
fn=(74) index
24 7
+1 7
+1 7
+1 7
+1 7
+1 7
+1 7
+1 7
+1 7
+1 7
+1 7
+1 7
+1 7
+1 7
+1 7
+1 7
+1 7
+1 5
+4 5
+1 5
+1 5
+1 5
+2 5
+4 2
+1 2
+1 2
+1 2
+1 2
+1 2
+1 2
+1 2
+1 2
+1 2
+1 2
+1 2
+1 2
+1 2
+1 2
+1 2
+1 2
+1 2
+1 2
+1 2
+1 2
+1 2
+1 2
+1 2
+52 2
+4 2
+1 2
+1 2
+1 2
+2 2

fl=(41) /build/glibc-e6zv40/glibc-2.23/elf/dl-deps.c
fn=(136) openaux
60 4
+7 2
-4 22
cfi=(22) /build/glibc-e6zv40/glibc-2.23/elf/dl-load.c
cfn=(104) _dl_map_object
calls=2 2189 
* 5878
* 2
+5 4

fn=(134) _dl_map_object_deps
161 1
-1 1
+1 1
-1 4
+1 1
-1 2
+1 1
-1 2
+1 1
-1 2
+1 3
-15 1
+15 1
-17 1
+1 1
+1 1
+6 4
+26 1
-26 1
+26 7
-34 1
+2 1
+33 2
-33 1
-2 1
+2 2
-2 1
+1 1
+1 1
+6 3
+26 1
-26 1
+26 5
+4 1
+21 1
+1 1
-22 2
+19 1
-12 1
+15 1
-16 2
+13 1
317 9
217 1
-4 1
-4 1
+8 4
-4 3
-4 3
+8 3
+12 8
+2 2
+11 2
-5 2
-6 4
+5 2
+2 4
+1 4
+3 14
+50 6
+1 3
-51 192
+1 96
+6 10
cfi=(27)
cfn=(74)
calls=2 24 
* 70
* 4
+5 10
-3 2
+3 2
cfi=(32) /build/glibc-e6zv40/glibc-2.23/elf/dl-error.c
cfn=(96) _dl_catch_error
calls=2 -91 
* 6036
+2 6
+15 2
+2 4
+5 2
+6 2
+2 2
-8 4
+3 2
+1 2
+1 2
+1 2
+4 12
+7 138
459 12
+2 6
+2 6
cfi=(17)
cfn=(40) malloc
calls=2 94 
* 58
* 2
+2 2
-2 2
+2 2
+4 8
-1 2
+1 2
cfi=(18) /build/glibc-e6zv40/glibc-2.23/string/../sysdeps/x86_64/multiarch/../memcpy.S
cfn=(46) memcpy
calls=2 61 
* 41
+1 10
cfi=(18)
cfn=(46)
calls=2 61 
* 41
+4 2
-1 2
+5 22
+7 6
+1 1
+3 5
+10 4
cfi=(17)
cfn=(40)
calls=1 94 
* 29
* 1
+3 1
-3 1
+3 1
+5 6
+1 1
-1 3
+1 2
+8 2
+4 3
-4 1
-6 3
-2 3
+8 6
+4 9
-4 3
-6 9
+13 3
+51 3
+2 3
+42 1
-4 1
+5 2
-1 4
+1 2
cfi=(26)
cfn=(72)
calls=1 53 
* 15
* 1
-2 9
+7 1
-1 1
+1 1
-1 2
+7 1
-7 1
+7 2
-13 2
+7 2
-1 2
+1 2
-1 4
+7 2
-7 2
+7 6
+2 8
+1 4
-1 4
+1 3
+2 9
+1 6
+28 18
cfi=(26)
cfn=(72)
calls=2 53 
* 37
* 10
-6 3
-28 6
+31 10
-6 2
+16 2
+2 1
+1 1
-1 1
+2 3
+7 3
+3 3
+3 8
481 9
-1 4
+1 9
202 2
+27 8
-19 4
+8 25
+2 2
+2 8
+2 30
338 6
611 8
cfi=(18)
cfn=(46)
calls=1 61 
* 28
+2 1
-38 1
+38 1
209 2

fl=(87) /build/glibc-e6zv40/glibc-2.23/elf/dl-open.c
fn=(346) _dl_find_dso_for_object
182 5
+1 4
+1 12
+1 2
+3 2
+4 1
-9 6

fl=(67) /build/glibc-e6zv40/glibc-2.23/elf/../elf/dl-runtime.c
fn=(262) _dl_fixup
66 12
+5 12
-5 6
+3 12
+3 6
-1 12
-3 6
+5 36
+1 6
-1 6
+1 12
+5 12
+4 12
+4 18
+4 6
+1 30
+2 24
+7 12
-1 6
+1 6
+10 54
cfi=(6) /build/glibc-e6zv40/glibc-2.23/elf/dl-lookup.c
cfn=(172) _dl_lookup_symbol_x
calls=6 806 
* 5021
* 6
+4 30
+10 36
+16 6
-8 6
+8 18
+4 18
fi=(5) /build/glibc-e6zv40/glibc-2.23/elf/../sysdeps/x86_64/dl-machine.h
+92 6
fe=(67)
-88 18
fi=(94) /build/glibc-e6zv40/glibc-2.23/elf/../sysdeps/x86_64/dl-irel.h
32 1
cob=(3)
cfi=(47) /build/glibc-e6zv40/glibc-2.23/time/../sysdeps/unix/sysv/linux/x86/time.c
cfn=(180) time
calls=1 +6 
* 66
* 1
fe=(67)

fl=(6)
fn=(10) _dl_setup_hash
956 12
+4 4
+4 8
+2 4
-1 4
+3 12
+1 4
+1 4
+3 4
-3 4
+7 4
-4 4
-1 4
+3 4
+2 4
-7 4
+7 4
+1 4

fn=(176) check_match
92 640
+3 560
+12 480
+3 384
cfi=(19) /build/glibc-e6zv40/glibc-2.23/string/../sysdeps/x86_64/multiarch/../strcmp.S
cfn=(54) strcmp
calls=16 +34 
* 685
* 32
+5 80
-1 80
+1 80
+2 158
+19 158
+1 632
+46 80
-7 80
+7 400
-18 2
+2 1
+1 4
-1 5
-29 237
cfi=(19)
cfn=(54)
calls=79 +6 
* 1896
* 237

fn=(172)
806 946
568 86
806 344
568 430
+1 86
-1 86
+1 258
-1 258
+1 1088
-1 1088
+1 3264
-1 3436
808 86
+4 86
+4 86
-8 86
+1 172
+7 244
+7 86
-2 86
+2 86
-2 86
+6 86
-7 86
+7 172
-7 516
+15 6
-8 30
+2 1204
cfn=(174) do_lookup_x
calls=86 355 
* 31748
+3 258
+26 172
+22 80
+1 560
+31 80
+9 400
+14 240
+3 320
+5 80
+2 688
-85 42
+16 6
+1 12
+59 2

fn=(174)
355 602
+1 86
-1 430
+48 86
-30 86
-11 86
+41 86
+7 172
-7 172
-30 344
+37 344
-44 172
+3 172
-3 368
+3 368
+4 540
+4 540
+4 540
+6 810
+8 270
-4 270
+1 270
+3 540
+1 810
+3 270
+1 540
+2 540
+8 270
-8 270
+8 2700
-99 190
553 1364
+1 50
cfi=(34) /build/glibc-e6zv40/glibc-2.23/elf/dl-misc.c
cfn=(106) _dl_name_match_p
calls=25 288 
* 2615
* 75
+3 570
+3 6
+1 688
-92 160
+50 596
+4 33
+12 160
+1 80
+1 160
413 504
+2 168
+2 1092
+13 246
-10 810
+2 160
+1 400
-1 80
+1 560
-1 80
+1 240
cfn=(176)
calls=80 92 
* 6911
+4 240
+34 8
+94 28
439 720

fl=(54)
fn=(214) call_init.part.0
28 20
+8 4
+3 4
-3 8
+3 12
+5 21
+5 4
+9 12
cob=(3)
cfi=(56) /build/glibc-e6zv40/glibc-2.23/csu/../csu/init-first.c
cfn=(228) _init
calls=1 -6 
* 176
cob=(2)
cfi=(16)
cfn=(216)
calls=1 -58 
* 6
* 2
+4 4
+6 2
+2 4
-2 4
+3 10
+1 8
cob=(3)
cfi=(62) /build/glibc-e6zv40/glibc-2.23/string/../sysdeps/x86_64/cacheinfo.c
cfn=(240) init_cacheinfo
calls=1 482 
* 1161
cob=(4)
cfi=(55)
cfn=(220)
calls=1 -72 
* 17
* 4
cob=(3)
cfi=(64) /build/glibc-e6zv40/glibc-2.23/elf/dl-altinit.c
cfn=(248) dlinit_alt
calls=1 -39 
* 4
* 3
-1 6
+3 24
-29 3
-5 3

fn=(212)
80 11
+1 1
+1 1
+3 3
+8 2
+1 2
+25 15
+1 12
-90 20
cfn=(214)
calls=3 -2 
* 1450
* 3
+96 8
-96 2
+58 2
+16 1
cfn=(214)
calls=1 -76 
* 76
* 1

fl=(66)
fn=(260)
71 1
+3 1
+2 1
+8 1
+6 1
+1 1
+1 1
+1 1
+1 1
+1 1
+1 1
+4 1
+1 1
+3 1
+1 1
+2 1
+1 1
+1 1
+1 1
+1 1
+1 1
+2 1
+13 1
+1 1
+1 1
cfi=(67)
cfn=(262)
calls=1 -63 
* 953
+1 1
+5 1
+1 1
+1 1
+2 1
+1 1
+1 1
+1 1
+1 1
+1 1
+1 1
+2 1
+2 1
+4 1
+3 1

fn=(261)
71 5
+3 5
+2 5
+8 5
+6 5
+1 5
+1 5
+1 5
+1 5
+1 5
+1 5
+4 5
+1 5
+3 5
+1 5
+2 5
+1 5
+1 5
+1 5
+1 5
+1 5
+2 5
+13 5
+1 5
+1 5
cfi=(67)
cfn=(262)
calls=5 -63 
* 4586
+1 5
+5 5
+1 5
+1 5
+2 5
+1 5
+1 5
+1 5
+1 5
+1 5
+1 5
+2 5
+2 5
+4 5
+3 5

fl=(34)
fn=(106)
288 195
+1 78
cfi=(19)
cfn=(54)
calls=39 144 
* 1588
* 39
+1 39
-1 39
+3 39
+2 78
+4 40
-4 80
+1 129
cfi=(19)
cfn=(54)
calls=43 144 
* 1851
* 86
-5 3
+11 51
-1 36
+1 144

fn=(144) _dl_sysdep_read_whole_file
45 2
+7 1
-7 3
+7 1
-7 3
+7 1
cfi=(24) /build/glibc-e6zv40/glibc-2.23/io/../sysdeps/unix/syscall-template.S
cfn=(110) open
calls=1 +32 
* 5
+1 2
+2 5
cfi=(36) /build/glibc-e6zv40/glibc-2.23/io/../sysdeps/unix/sysv/linux/wordsize-64/fxstat.c
cfn=(120) _fxstat
calls=1 -21 
* 10
* 2
+2 1
+3 1
-3 1
+3 1
+13 2
cfi=(24)
cfn=(132) close
calls=1 +11 
* 5
+3 7
-14 6
cfi=(37) /build/glibc-e6zv40/glibc-2.23/misc/../sysdeps/unix/sysv/linux/wordsize-64/mmap.c
cfn=(122) mmap
calls=1 -29 
* 33
* 2

fl=(7) /build/glibc-e6zv40/glibc-2.23/elf/../elf/dl-sysdep.c
fn=(12) _dl_sysdep_start
86 8
+25 1
-1 1
+1 216
+6 1
-3 1
+1 1
-4 1
+3 1
+3 4
+1 2
-1 25
+1 108
-1 106
+62 1
+1 1
-1 1
+1 1
-29 1
+1 2
+11 1
+1 1
-1 1
+1 1
-7 1
+1 1
-1 1
+1 1
-4 1
+1 2
-25 1
+1 2
-4 1
+1 2
-7 1
+1 1
+2 1
+1 1
fi=(8) /build/glibc-e6zv40/glibc-2.23/elf/../sysdeps/unix/sysv/linux/dl-sysdep.c
-90 2
cfi=(9) /build/glibc-e6zv40/glibc-2.23/elf/../sysdeps/unix/sysv/linux/x86_64/brk.c
cfn=(16) brk
calls=1 -4 
* 11
fi=(5)
225 5
+4 1
cfi=(10) /build/glibc-e6zv40/glibc-2.23/elf/../sysdeps/x86/cpu-features.c
cfn=(20) init_cpu_features.constprop.0
calls=1 46 
* 134
fe=(7)
+2 3
+1 1
cfi=(11) /build/glibc-e6zv40/glibc-2.23/string/../sysdeps/x86_64/strlen.S
cfn=(22) strlen
calls=1 66 
* 32
* 1
+2 2
cfi=(12)
cfn=(24)
calls=1 34 
* 17
* 3
+12 3
+3 5
cfi=(2)
cfn=(26) dl_main
calls=1 790 
* 87370
+2 9
-11 2

fn=(204) _dl_sysdep_start_cleanup
256 1

fl=(25) /build/glibc-e6zv40/glibc-2.23/string/../sysdeps/x86_64/memcpy.S
fn=(70) mempcpy
61 17
+4 17
+3 16
+1 16
+2 7
+1 7
+2 7
+1 7
+5 7
+1 7
-1 9
+1 9
+2 10
+1 10
+2 10
+1 10
+5 10
+1 10
-1 6
+1 6
+2 5
+1 5
+2 5
+1 5
+5 5
+1 5
-1 11
+1 11
+2 7
+1 7
+2 7
+1 14
+5 7
+1 7
-1 9
+1 11
+5 2
+1 2
+1 2
+1 2
+2 2
+2 2
+1 2
+2 2
+6 16
+4 16
+12 2
+2 2
+1 2
+26 2
+1 2
+3 2
+1 2
+1 2
+5 2
+2 2
+1 2
+1 2
+1 2
+2 2
+1 2
+1 2
+1 2
+2 2
+1 2
+2 2
+22 2
+2 2
+2 1
+7 1

fl=(8)
fn=(60) _dl_discover_osversion
45 7
+2 3
+85 8
-45 3
cfi=(21)
cfn=(62)
calls=1 -3 
* 5
* 1
+15 1
-15 1
+20 1
-1 1
+3 12
+4 3
-2 6
+2 10
+2 1
+1 2
-3 4
+7 3
-1 3
+4 3
-2 3
+2 10
+5 2

fl=(11)
fn=(22)
66 13
+1 13
+1 13
+1 13
+1 13
+1 13
+1 13
+2 13
+2 13
+30 12
+1 12
+1 12
+1 12
+1 12
+1 6
+1 6
+4 6
+1 6
+1 6
+1 6
+1 6
+1 6
+1 6
+1 6
+1 6
+1 6
+1 6
+1 6
+5 48
+4 1
+1 14
+1 8

fl=(22)
fn=(114) _dl_map_object_from_fd
893 22
+10 2
-10 2
+10 2
-10 6
+10 2
cfi=(29) /build/glibc-e6zv40/glibc-2.23/elf/dl-debug.c
cfn=(86) _dl_debug_initialize
calls=2 50 
* 16
fi=(35) /build/glibc-e6zv40/glibc-2.23/elf/../sysdeps/posix/dl-fileid.h
37 6
fe=(22)
903 2
fi=(35)
37 2
cfi=(36)
cfn=(120)
calls=2 -3 
* 20
* 4
+4 2
fe=(22)
919 2
fi=(35)
40 2
+1 2
fe=(22)
919 29
+1 10
fi=(35)
49 12
fe=(22)
1465 16
937 4
+24 4
+10 4
+22 8
+32 4
904 2
1028 14
cfi=(15) /build/glibc-e6zv40/glibc-2.23/elf/dl-object.c
cfn=(32) _dl_new_object
calls=2 61 
* 882
+1 2
-1 2
+1 2
+11 4
+1 2
-1 2
+2 2
-1 2
+4 2
-1 4
-2 2
+2 4
+1 6
+1 2
+19 2
-2 2
+10 2
-8 12
+8 2
-8 6
+8 2
+87 2
+8 2
-8 8
+8 2
-8 6
-86 32
-1 136
+1 95
+6 4
+1 6
+1 2
+9 20
+5 32
+9 12
-1 12
+1 4
+1 8
+2 4
-2 4
+1 4
-1 4
+3 4
+4 4
-7 4
+2 4
+1 4
+4 4
+1 12
+4 6
-14 2
+14 12
+11 2
-11 6
-14 2
+14 12
+11 2
-44 2
+1 1
+46 3
+4 1
+1 1
+1 1
-1 2
+1 1
+3 3
+1 1
+3 1
-3 1
+7 4
+6 1
cfi=(30) /build/glibc-e6zv40/glibc-2.23/elf/dl-tls.c
cfn=(148) _dl_next_tls_modid
calls=1 49 
* 8
* 2
+1 1
+59 4
+1 6
+1 2
-6 4
+1 2
+8 6
1041 2
1229 2
1041 2
1229 2
+10 6
fi=(38) /build/glibc-e6zv40/glibc-2.23/elf/./dl-map-segments.h
56 4
fe=(22)
1239 6
fi=(38)
56 2
fe=(22)
1239 2
fi=(38)
56 2
fe=(22)
1239 4
fi=(38)
56 12
cfi=(37)
cfn=(122)
calls=2 -23 
* 70
+4 2
-4 2
+4 4
+3 4
+1 2
+2 2
-2 2
-1 2
+3 2
+10 4
fi=(40) /build/glibc-e6zv40/glibc-2.23/elf/./dl-load.h
+14 8
+1 6
+2 8
fi=(38)
+7 16
+6 2
+2 2
-2 2
+1 2
+2 2
-1 2
+1 2
-1 6
+8 4
+17 4
+12 4
-59 20
+2 4
+2 2
-2 4
+2 20
cfi=(37)
cfn=(122)
calls=2 -57 
* 62
* 6
fe=(22)
1251 8
+9 4
fi=(3) /build/glibc-e6zv40/glibc-2.23/elf/get-dynamic-info.h
39 2
fe=(22)
1260 2
fi=(3)
39 2
+6 2
-2 2
+2 4
+15 2
+5 2
+3 2
-1 2
-3 2
-3 36
+10 8
-26 24
+16 35
+10 35
-26 105
+26 2
-26 6
+2 90
+13 40
+2 8
+3 8
+13 4
+20 7
+1 8
+1 8
+1 8
+2 8
+5 8
+1 7
+1 8
+6 6
+5 4
+7 4
+1 6
+16 6
+5 1
+2 1
-2 1
+2 1
+2 2
+2 2
+3 6
+10 1
-8 4
+8 1
+5 2
+3 4
fe=(22)
1267 4
+15 6
+19 4
+2 10
+54 6
+1 2
+3 2
cfi=(24)
cfn=(132)
calls=1 84 
* 5
* 2
cfi=(24)
cfn=(132)
calls=1 84 
* 5
* 4
+9 4
+2 6
+2 2
-2 2
+2 2
+16 4
cfi=(6)
cfn=(10)
calls=2 956 
* 46
+4 4
+1 4
+17 4
+9 2
-5 6
+5 2
+10 4
+10 6
cfi=(15)
cfn=(48) _dl_add_to_namespace_list
calls=2 32 
* 82
+4 8
fi=(3)
68 8
+2 10
fe=(22)
1413 2
fi=(38)
119 4
+8 16
cfi=(26)
cfn=(72)
calls=2 -74 
* 283
* 8
-54 8
-1 12
cfi=(39) /build/glibc-e6zv40/glibc-2.23/misc/../sysdeps/unix/syscall-template.S
cfn=(126) mprotect
calls=2 +12 
* 10
* 2
fi=(40)
+22 5
+1 11
+3 4
fi=(38)
+39 9
cfi=(37)
cfn=(122)
calls=1 33 
* 31
+3 3
fe=(22)
1255 2

fn=(76) fillin_rpath
444 7
+2 1
-2 9
+4 3
cfi=(17)
cfn=(78) strsep
calls=1 -94 
* 238
* 3
cfi=(17)
cfn=(78)
calls=1 -94 
* 6
* 6
+7 2
+35 15
+1 8
+55 2
+2 2
cob=(2)
cfi=(16)
cfn=(82)
calls=1 0 
* 7
* 1
-39 2
+4 2
-1 4
cfi=(17)
cfn=(40)
calls=1 94 
* 29
* 1
+3 1
-3 1
+3 2
+5 1
+1 2
-2 1
+2 1
cfi=(25)
cfn=(70)
calls=1 61 
* 31
+3 1
-3 1
+1 1
+2 1
+6 2
+1 1
-1 2
+1 13
+1 11
-1 2
+3 2
+1 3
+7 1
+1 1
-1 2
383 3
cfi=(27)
cfn=(74)
calls=1 24 
* 23
* 2
+4 2
cfi=(28) /build/glibc-e6zv40/glibc-2.23/string/strdup.c
cfn=(80) strdup
calls=1 40 
* 94
* 1
+74 2
+5 2
cfi=(11)
cfn=(22)
calls=1 66 
* 16
+1 2
+7 6
+9 1
-4 3
+4 2
+26 2
+43 1
+3 9
-15 2
-9 2
-57 2

fn=(104)
2189 21
+8 3
-8 6
+8 3
+1 12
+3 42
+5 49
+2 21
cfi=(34)
cfn=(106)
calls=7 288 
* 1016
* 14
+4 12
+1 18
+3 2
+2 8
cfi=(19)
cfn=(54)
calls=2 144 
* 68
* 4
2500 24
2235 10
+9 2
-53 2
+53 4
+36 4
-2 2
+2 2
cfi=(27)
cfn=(74)
calls=2 24 
* 46
* 4
2431 2
383 3
cfi=(27)
cfn=(74)
calls=1 24 
* 47
* 2
+4 2
cfi=(28)
cfn=(80)
calls=1 40 
* 128
2432 1
-3 1
+3 2
+4 9
cfn=(108) open_verify.constprop.7
calls=1 1717 
* 299
+3 1
-3 1
+3 3
+12 3
+46 1
+1 3
-1 1
+1 9
cfn=(114)
calls=1 893 
* 1444
-1 1
+1 3
-1 1
+1 9
cfn=(114)
calls=1 893 
* 1789
* 6
2284 2
cfi=(11)
cfn=(22)
calls=1 66 
* 16
* 1
+2 1
-2 1
+2 1
+7 4
+35 2
+1 14
cfn=(138) open_path
calls=1 2040 
* 777
+6 2
-6 1
+6 3
666 1
2336 1
666 2
2423 2
+28 3
+2 4
2297 1
+5 1
-5 1
+5 1
+3 2
-3 1
+3 7
-3 3
666 1
2303 1
666 2
2358 1
-14 1
+14 1
+2 3
+4 2
cfi=(43) /build/glibc-e6zv40/glibc-2.23/elf/dl-cache.c
cfn=(142) _dl_load_cache_lookup
calls=1 185 
* 1789
+2 1
-2 1
+2 1
+4 2
+8 3
+23 10
cfn=(108)
calls=1 1717 
* 370
+4 1
-4 1
+4 3
+1 2
-89 3
+1 8
666 1
2319 1
666 2

fn=(138)
2040 8
+1 1
+6 1
-6 1
+6 1
+5 9
+52 1
-59 1
-1 1
+60 1
-52 8
+74 4
-62 1
-9 1
+9 1
+7 4
cfi=(25)
cfn=(70)
calls=1 61 
* 31
+1 1
-1 1
+1 5
+20 8
-20 15
+3 8
+5 8
-1 4
+1 8
-1 12
cfi=(25)
cfn=(70)
calls=4 61 
* 85
* 16
cfi=(25)
cfn=(70)
calls=4 61 
* 92
-1 4
+7 4
-7 4
+7 4
+3 36
cfn=(108)
calls=4 1717 
* 176
* 4
+2 20
+67 7
+7 1
-2 1
+2 3
+3 3
+14 1
-27 1
+27 7
-84 8
+1 36
+6 4
+2 4
-2 4
+2 8
-2 4
+2 4
cfi=(42) /build/glibc-e6zv40/glibc-2.23/io/../sysdeps/unix/sysv/linux/wordsize-64/xstat.c
cfn=(140) _xstat
calls=4 34 
* 49
* 8
+1 1
+2 1
-2 1
+2 7
+7 3
-7 3
+7 9
-30 3
+23 6

fn=(64) _dl_init_paths
689 1
+13 2
-13 8
+13 3
cfi=(23) /build/glibc-e6zv40/glibc-2.23/elf/dl-hwcaps.c
cfn=(66) _dl_important_hwcaps
calls=1 39 
* 398
+5 1
-5 1
+5 1
cfi=(17)
cfn=(40)
calls=1 94 
* 29
* 1
+1 1
-2 1
+2 2
+8 1
-1 1
+1 3
-1 3
+4 4
cfi=(17)
cfn=(40)
calls=1 94 
* 29
* 1
+2 1
-2 1
+2 1
+17 2
+9 2
-19 1
+11 1
-1 1
+3 1
+1 1
-15 2
+23 1
-9 1
+9 5
-3 17
cfi=(26)
cfn=(72)
calls=4 53 
* 60
+3 27
-14 3
+2 3
+1 3
+2 6
-3 3
+4 9
+4 3
-3 3
+3 3
+1 3
-4 9
+4 3
+14 1
-11 1
+6 1
+1 1
+5 1
-12 1
+12 1
+2 4
+2 3
+38 5
+6 3
cfi=(27)
cfn=(74)
calls=1 24 
* 23
* 2
+2 3
cfi=(11)
cfn=(22)
calls=1 66 
* 16
* 8
cfi=(18)
cfn=(46)
calls=1 61 
* 31
* 1
+17 133
+5 1
cfi=(17)
cfn=(40)
calls=1 94 
* 29
* 1
+1 1
-2 1
+2 1
+6 9
cfn=(76)
calls=1 444 
* 609
+4 5
+6 1
+4 8
-70 1
-2 1
+2 2
+14 2

fn=(108)
1717 66
+39 6
-39 18
+39 22
+31 24
cfi=(24)
cfn=(110)
calls=6 84 
* 46
+2 6
-2 6
+2 8
+10 2
+1 4
+5 16
cfi=(24)
cfn=(112) read
calls=2 84 
* 10
+2 4
+2 2
+2 2
-2 4
+2 2
+6 4
+16 8
cfi=(14) /build/glibc-e6zv40/glibc-2.23/string/../sysdeps/x86_64/multiarch/../memcmp.S
cfn=(30) bcmp
calls=2 24 
* 57
* 18
cfi=(14)
cfn=(30)
calls=2 24 
* 72
* 4
+74 4
+5 4
+2 8
+6 4
+11 4
+6 2
+1 2
-1 8
+1 2
-1 2
+1 4
+1 6
+20 106
+2 36
+4 8
+1 6
+12 14
+4 6
+5 1
+1 1
-13 4
cfi=(14)
cfn=(30)
calls=1 24 
* 25
* 8
cfi=(14)
cfn=(30)
calls=2 24 
* 60
* 6
+16 2
+3 7
+3 3
+1 5
-39 2
+67 20
-23 4
+23 28
1826 2
+7 4
cfi=(14)
cfn=(30)
calls=1 24 
* 24
* 2

fl=(28)
fn=(80)
40 12
+1 3
cfi=(11)
cfn=(22)
calls=3 +25 
* 84
* 3
+1 6
cfi=(17)
cfn=(40)
calls=3 +52 
* 87
* 3
+2 6
+4 3
-1 6
+1 6
-1 6
cfi=(18)
cfn=(46)
calls=3 +14 
* 106

fl=(26)
fn=(72)
53 13
+1 13
+1 13
+1 13
+1 13
+2 13
+1 13
+1 11
+1 11
+15 2
+1 2
+1 2
+1 2
+1 2
+1 2
+1 2
+1 2
+1 2
+1 2
+1 2
+1 2
+1 2
+1 4
+3 2
+1 2
+1 2
+1 2
+1 2
+1 2
+1 2
-6 34
+1 34
+1 34
+1 34
+1 34
+1 34
+1 34
+1 2
+3 11
+1 11
+1 11
+1 4
+1 4
+1 2
+1 2
+3 2
+1 2
+1 2
+1 2
+2 2
+1 2
+1 2
+2 7
+1 7
+1 7

fl=(15)
fn=(32)
61 42
+1 3
cfi=(11)
cfn=(22)
calls=3 +4 
* 66
+6 3
-6 6
+6 6
+7 12
cfi=(17)
cfn=(36) calloc
calls=3 +28 
* 171
* 3
+3 3
-3 3
+3 3
+4 3
+5 6
-6 3
+6 3
-5 3
+3 6
+2 3
cfi=(18)
cfn=(46)
calls=3 -26 
* 88
+10 3
-10 3
+10 3
-8 3
+9 6
-1 9
+1 9
+3 3
-4 3
+1 3
+3 3
+9 3
-7 3
+4 3
+3 9
+2 2
-2 2
+2 30
-2 30
+12 3
+6 3
-5 3
-1 3
+6 15
+2 2
+3 2
-3 2
+3 2
-3 4
+7 6
+4 4
+2 5
+6 1
+6 1
-3 2
+3 4
-3 4
+3 4
+2 6
cfi=(11)
cfn=(22)
calls=2 -91 
* 68
+4 2
-4 8
+4 6
+64 4
+4 24
68 30
+34 8
+39 8
+70 6
cfi=(25)
cfn=(70)
calls=2 61 
* 71
* 42
+6 40
-1 40
+1 42
-1 2
+1 6
+5 4
-89 2
+32 4
cfi=(17)
cfn=(40)
calls=2 -71 
* 58
* 2
+1 2
-1 2
+1 6
+2 1
-35 2

fn=(48)
32 15
+2 6
cfi=(2)
cfn=(50)
calls=3 704 
* 6
+2 3
-2 3
+2 19
+3 15
+2 2
+2 2
+4 2
+4 2
-4 4
+1 2
+4 4
-4 2
+1 2
+3 2
-3 2
+2 2
cfi=(2)
cfn=(52)
calls=2 710 
* 4
-4 1
+4 1
-4 2
+1 1
+4 2
-4 1
+1 1
+3 1
-3 1
+2 1
cfi=(2)
cfn=(52)
calls=1 710 
* 2
-5 2

fl=(17)
fn=(78)
354 4
+2 2
+1 4
+4 33
+7 84
-2 56
+13 1
+4 2
-7 14
-15 44

fn=(36)
103 8
+8 24
-4 8
+4 16
+3 8
cfn=(40)
calls=8 -20 
* 289
* 8

fn=(84)
120 1
+2 3
+7 2

fn=(44) __libc_memalign
52 66
+1 87
+11 63
+3 21
-3 21
+3 42
-3 3
+3 1
-3 1
+3 82
+4 8
+1 4
+6 16
cfi=(37)
cfn=(122)
calls=2 -45 
* 66
+2 10
+4 6
+3 2
+1 2
+2 10
-3 20
+1 20
+2 100
-31 2
-1 5

fn=(40)
94 21
+1 42
cfn=(44)
calls=21 -43 
* 582
* 21

fl=(23)
fn=(66)
39 6
+3 1
-3 2
+3 1
-1 1
+1 1
+9 1
-12 4
+12 2
+10 4
162 2
-47 3
cfi=(24)
cfn=(68) access
calls=1 -31 
* 9
* 2
+55 3
+2 2
+1 5
+4 2
+4 1
-4 1
+1 1
+3 1
+3 1
+1 1
-1 1
+4 3
+1 1
-1 9
+1 1
+18 10
+1 2
-1 1
+1 3
cfi=(17)
cfn=(40)
calls=1 94 
* 29
* 1
+1 1
-1 1
+1 5
+29 1
+3 1
-3 2
+3 1
+23 7
+6 2
-1 2
+1 6
-1 8
+5 6
+3 1
-3 1
+3 1
-3 3
+3 1
-3 1
+3 5
+1 12
+1 4
-1 4
+1 8
-2 4
+1 8
-1 14
+4 4
+4 1
-1 1
+2 1
-2 1
+1 1
+1 1
-2 1
+2 10
+13 2
+1 1
-1 1
+3 2
-3 2
+1 1
-1 1
+3 2
+3 4
+3 1
-1 1
+1 9
113 1
+17 1
+1 1
-1 9
243 6
cfi=(25)
cfn=(70)
calls=1 61 
* 22
* 4
cfi=(25)
cfn=(70)
calls=1 61 
* 18
+1 4
cfi=(25)
cfn=(70)
calls=1 61 
* 22
* 4
cfi=(25)
cfn=(70)
calls=1 61 
* 18
* 12

fl=(39)
fn=(208) munmap
84 4
+1 1

fn=(126)
84 24
+1 6

fl=(9)
fn=(16)
31 7
+8 1
-6 2
+7 1

fl=(33) /build/glibc-e6zv40/glibc-2.23/setjmp/../sysdeps/x86_64/setjmp.S
fn=(100) __sigsetjmp
26 3
+9 3
+1 6
+1 3
+4 3
+1 3
+1 3
+1 3
+1 3
+2 6
+2 3
+1 3
+1 3
+2 6
+2 3
+4 3
+1 3

fl=(24)
fn=(112)
84 8
+1 2

fn=(110)
84 28
+1 3
+1 20

fn=(132)
84 12
+1 3

fn=(68)
84 12
+2 15

fl=(18)
fn=(46)
61 14
+2 14
+2 14
+3 12
+1 12
+2 5
+1 5
+2 5
+1 5
+5 5
+1 5
-1 7
+1 7
+2 4
+1 4
+2 4
+1 8
+5 4
+1 4
-1 8
+1 8
+2 3
+1 3
+2 3
+1 3
+5 3
+1 3
-1 9
+1 9
+2 7
+1 7
+2 7
+1 7
+5 7
+1 7
-1 5
+1 10
+5 5
+1 5
+1 5
+1 5
+2 5
+2 5
+1 5
+2 5
+8 12
+8 6
+6 6
+2 6
+1 6
+3 1
+1 3
+5 1
+1 1
+2 1
+2 1
+1 1
+2 1
-8 6
+1 6
+2 6
+2 6
+1 6
+2 8
+9 1
+1 1
-1 5
+1 5
+3 6
+1 6
+1 6
+5 5
+2 5
+1 5
+1 5
+1 5
+2 5
+1 5
+1 5
+1 5
+2 5
+1 5
+2 5
+22 6
+6 6
+1 6
+2 2

fl=(14)
fn=(30)
24 13
+1 13
+1 13
+1 13
+1 13
+1 13
+1 13
+1 13
+3 13
+1 13
+1 5
+1 5
+1 5
+1 5
+1 5
+1 5
+1 5
+2 12
+1 12
+1 4
+1 4
+1 4
+1 4
+1 4
+1 4
+1 4
+2 12
+1 12
+1 5
+1 5
+1 5
+1 5
+1 2
+1 2
+1 2
+2 9
+1 9
+1 5
+1 5
+1 5
+1 5
+5 4
+1 4
+1 4
+1 4
+1 4
+1 4
+1 4
+1 2
+1 2
+1 2
+1 2
+1 2
+7 2
+2 3
+4 8
+1 8
+1 1
+1 1
+1 1
+1 1
+1 1
+1 1
+1 1
+1 1
+1 1
+1 1
+1 1
+4 9
+1 9

fl=(44) /build/glibc-e6zv40/glibc-2.23/elf/dl-version.c
fn=(154) _dl_check_all_versions
380 5
+4 7
+2 28
cfn=(156) _dl_check_map_versions
calls=4 189 
* 2664
-2 4
+2 12
-1 4
-1 8
+5 7

fn=(158) match_symbol
76 44
+9 4
-8 4
-1 8
+1 4
+8 4
+6 12
+15 4
+1 8
+2 4
+5 8
+14 36
+12 42
+4 14
-30 28
+19 20
cfi=(19)
cfn=(54)
calls=4 +11 
* 96
* 8
+35 32

fn=(156)
189 12
-15 36
+17 4
+3 12
-3 4
+2 4
+1 4
+2 4
-3 4
+3 4
+3 4
+4 2
-4 2
+4 8
+17 2
56 4
220 2
56 10
+1 5
-1 10
+2 21
cfi=(34)
cfn=(106)
calls=7 288 
* 884
* 16
228 6
+5 16
+19 2
-15 62
cfn=(158)
calls=2 76 
* 198
* 8
cfn=(158)
calls=2 76 
* 182
* 4
+7 24
+3 12
+9 12
+14 4
+3 8
+10 28
-7 112
+3 84
-3 8
+3 6
+8 9
+87 8
-81 12
cfi=(17)
cfn=(36)
calls=3 103 
* 114
* 3
+1 3
-2 3
+2 3
+11 3
+2 3
-5 3
+3 3
+2 3
-2 3
+2 3
+3 8
+4 6
+18 2
-15 6
+2 6
-2 6
+2 6
+2 4
+1 4
-1 8
+1 4
-1 4
+1 4
+1 4
-2 4
+2 8
+1 12
+3 12
+8 6
+10 9
+3 8
+20 28
-14 60
-2 28
+7 56
+1 28
-1 84
+1 28
-1 28
+1 28
+1 28
+3 90
+10 27
183 2
-8 2
+95 4
-80 2

fl=(2)
fn=(160) init_tls
589 1
+6 1
-6 1
+2 2
+4 1
+10 4
cfi=(17)
cfn=(36)
calls=1 103 
* 38
* 1
+11 1
-5 1
-7 1
+6 1
+2 1
-1 1
+5 1
+2 1
-1 1
+1 10
+2 8
+4 1
+2 1
-2 2
-5 8
+9 3
+3 1
cfi=(30)
cfn=(162) _dl_determine_tlsoffset
calls=1 138 
* 71
+7 1
cfi=(30)
cfn=(164) _dl_allocate_tls_storage
calls=1 354 
* 439
+1 1
-1 1
+1 1
+6 1
+3 1
-3 1
+3 6
+3 1
+2 1
+1 2

fn=(92) handle_ld_preload
757 7
+1 1
-1 1
-75 1
+86 1
-11 1
-75 6
+80 3
fi=(31) /build/glibc-e6zv40/glibc-2.23/elf/../string/bits/string2.h
961 1
+1 145
+1 46
-2 46
+2 46
-2 139
+2 1
-2 3
fe=(2)
766 2
+10 4
108 3
779 2
677 1
+5 5
-10 1
+4 1
+1 1
+1 1
+2 1
+2 1
cfi=(32)
cfn=(96)
calls=1 163 
* 2434
+1 3
+13 3
+84 1
-18 3
+21 9
-15 4
cfi=(18)
cfn=(46)
calls=1 61 
* 55
* 1
+1 2

fn=(152) version_check_doit
529 2
+2 4
cfi=(44)
cfn=(154)
calls=1 380 
* 2739
* 2
+4 2

fn=(26)
790 1
+19 1
-19 7
2390 1
790 3
+19 1
+3 1
-22 1
2385 1
812 1
+4 2
+1 2
+5 2
2383 2
+7 4
-4 1
+4 8
+2 2
cfi=(13)
cfn=(28)
calls=1 30 
* 84
* 4
cfi=(13)
cfn=(28)
calls=2 30 
* 365
* 9
+4 50
+1 19
-1 57
+3 4
+6 14
2553 3
+30 3
832 3
1033 7
cfi=(15)
cfn=(32)
calls=1 61 
* 250
+2 1
-2 1
+2 1
+1 1
+1 1
+5 2
-5 1
+1 2
+4 1
cfi=(15)
cfn=(48)
calls=1 32 
* 33
+1 3
799 1
1072 1
-3 1
-5 1
+1 1
+2 1
+5 7
+56 5
-55 24
-1 27
+1 47
1175 5
+3 2
+2 2
+2 3
+13 3
+1 6
cfi=(19)
cfn=(54)
calls=1 144 
* 44
* 2
+7 1
+3 1
-5 1
+3 1
+2 1
+1 2
+4 2
+2 2
fi=(3)
30 1
+9 2
+6 1
-2 1
+2 2
+15 1
+5 1
+3 1
+2 1
-3 1
-3 1
-3 14
+10 3
-26 9
+16 19
+10 19
-26 57
+26 1
-26 3
+2 46
+13 16
+2 4
+16 3
+38 3
+5 2
+7 2
+1 3
+16 3
+14 3
+18 2
fe=(2)
1218 2
cfi=(6)
cfn=(10)
calls=1 956 
* 23
+3 2
fi=(20) /build/glibc-e6zv40/glibc-2.23/elf/setup-vdso.h
24 2
fe=(2)
1243 1
cfi=(8)
cfn=(60)
calls=1 45 
* 93
* 8
-75 2
+1 2
+1 1
-6 2
+1 1
-88 3
+1 1
+50 2
-1 8
+2 4
+1 1
+3 2
+1 2
-1 2
+1 2
+1 2
+1 6
+1 2
-43 1
-2 2
+27 1
-25 2
+7 1
-10 1
+10 1
-19 3
+1 1
fi=(3)
65 4
+3 4
+2 4
fe=(2)
2480 1
+1 1
-1 2
+1 3
cfi=(14)
cfn=(30)
calls=1 24 
* 31
* 2
-55 4
cfi=(14)
cfn=(30)
calls=1 24 
* 18
* 2
+7 4
cfi=(14)
cfn=(30)
calls=1 24 
* 36
* 2
+2 3
+48 3
1248 2
cfi=(22)
cfn=(64)
calls=1 689 
* 1578
+3 3
cfi=(29)
cfn=(86)
calls=1 50 
* 17
+7 1
-7 1
+2 1
+5 1
+3 3
+1 1
+3 1
-3 3
+1 2
+3 1
+5 1
-7 1
+7 1
+1 5
+17 2
+1 2
+5 1
-3 4
+2 2
+1 3
+5 3
+1 5
+2 2
+1 2
+5 2
+5 1
805 1
1314 2
1491 1
cfi=(30)
cfn=(88) _dl_count_modids
calls=1 115 
* 4
* 1
+8 3
+3 1
+4 3
+5 1
+1 1
cfi=(29)
cfn=(90) _dl_debug_state
calls=1 74 
* 1
+1 1
+4 3
+15 3
+4 1
-2 1
+2 2
+2 3
+1 1
-1 2
+1 1
cfn=(92)
calls=1 757 
* 2986
* 1
+1 1
+2 6
+10 3
cfi=(24)
cfn=(68)
calls=1 84 
* 9
* 2
+77 1
-96 1
+96 3
+17 3
+1 1
-1 1
+1 2
-1 1
+1 5
cfi=(41)
cfn=(134)
calls=1 161 
* 7432
+1 1
+2 2
+3 1
-3 3
+3 1
-3 1
+3 3
+1 4
-1 2
+1 12
-1 6
+4 3
+1 3
+1 1
+2 2
+1 6
-1 5
+1 5
-1 3
-3 1
+16 1
+1 2
-1 1
+1 1
+2 1
+2 3
+2 1
-4 1
+5 1
-1 2
+14 2
+1 2
+1 3
+11 1
+2 1
-2 1
+2 2
-1 1
+1 1
-2 3
+2 1
cfi=(32)
cfn=(150) _dl_receive_error
calls=1 205 
* 2779
+10 1
+1 1
-1 1
+1 1
+1 1
cfn=(160)
calls=1 589 
* 619
* 1
+2 2
719 1
+2 3
fi=(101) /build/glibc-e6zv40/glibc-2.23/elf/../sysdeps/unix/sysv/linux/dl-osinfo.h
77 1
fe=(2)
730 1
+7 1
-5 1
1729 3
1959 3
2080 3
+7 1
+2 3
+19 1
-19 4
+2 1
+2 12
+5 8
+2 8
+6 4
+2 8
+1 24
cfi=(45) /build/glibc-e6zv40/glibc-2.23/elf/dl-reloc.c
cfn=(166) _dl_relocate_object
calls=3 149 
* 65636
+4 14
-22 10
+25 1
+2 5
+6 1
-6 1
+6 1
+5 4
+2 1
+5 3
cfi=(30)
cfn=(202) _dl_allocate_tls_init
calls=1 450 
* 147
+3 2
+9 3
+2 2
+15 1
+2 1
-2 2
+3 1
-3 1
+3 1
-3 1
+3 3
cfi=(45)
cfn=(166)
calls=1 149 
* 3984
+1 1
+2 6
+8 1
cfi=(7)
cfn=(204)
calls=1 256 
* 1
+4 3
+20 3
cfi=(29)
cfn=(86)
calls=1 50 
* 8
+1 1
-1 1
+2 1
cfi=(29)
cfn=(90)
calls=1 74 
* 1
+1 1
+4 1
cfi=(43)
cfn=(206) _dl_unload_cache
calls=1 322 
* 15
+5 8
2114 2
cfi=(30)
cfn=(200) _dl_add_to_slotinfo
calls=1 890 
* 20
* 1
-12 1
+1 1
-3 2
-85 1
+11 1
-7 1
-4 1
+4 3
+4 2
+3 1
1633 5
+1 1
-1 3
+4 3
+1 1
+1 2
+1 2
+32 2
1237 3

fn=(50)
704 10

fn=(52)
710 10

fn=(98) _dl_initial_error_catch_tsd
664 8

fn=(102) map_doit
496 1
+2 1
-2 1
+3 8
cfi=(22)
cfn=(104)
calls=1 2189 
* 2358
* 1
+2 2

fn=(2)
353 9
+18 4
fi=(5)
59 1
fe=(2)
371 1
fi=(3)
45 1
fi=(5)
+14 2
fe=(2)
397 1
fi=(3)
45 1
fe=(2)
394 1
fi=(3)
45 1
+25 2
-3 1
-7 1
+5 1
+3 1
+2 1
-3 1
-3 1
-3 2
-13 26
+23 13
-26 39
+26 1
-26 3
+2 36
+13 20
+1 16
+10 4
-26 12
+33 2
+20 4
+1 4
+1 4
+1 4
+2 4
+5 4
+1 4
+1 4
+6 3
+5 2
+7 3
+1 3
+8 3
+2 3
+3 2
+1 2
fe=(2)
408 2
302 1
415 1
302 1
cfi=(6)
cfn=(10)
calls=1 956 
* 23
+1 2
+1 2
+1 2
+1 2
+8 1
+9 1
-9 3
+9 1
-6 1
-3 1
+9 1
cfi=(7)
cfn=(12)
calls=1 86 
* 88105
* 1
+9 1
+3 4
+4 1
-4 1
+4 1
440 9
fi=(3)
62 4
+3 4
fe=(2)
413 26
fi=(4) /build/glibc-e6zv40/glibc-2.23/elf/do-rel.h
84 1
+27 1
-28 1
+28 2
+1 2
fi=(5)
519 2
fi=(4)
112 18
fi=(5)
519 18
+1 20
fi=(4)
111 20
fi=(5)
520 10
fi=(4)
111 10
+5 2
+8 1
fi=(5)
314 1
fi=(4)
124 2
+12 1
+1 3
fi=(5)
268 1
fi=(4)
137 1
fi=(5)
296 1
fi=(4)
137 2
fi=(5)
296 1
fi=(4)
136 5
+1 15
fi=(5)
268 5
fi=(4)
137 5
fi=(5)
296 5
fi=(4)
137 10
fi=(5)
296 5
+9 12
+3 6
-3 12
+3 18
+6 36
fi=(3)
68 4
+2 3
fi=(5)
427 12
fi=(4)
124 19
fe=(2)

fl=(37)
fn=(122)
33 8
-1 80
+1 20
+1 80
+2 56
-3 18

fl=(10)
fn=(20)
46 2
+16 1
-16 4
+16 1
-16 1
+19 1
-3 1
+3 8
176 3
+1 1
+3 2
+1 1
+2 2
+1 7
+7 3
+4 2
+2 4
+41 2
+75 2
+11 1
+2 1
-1 1
+2 8
-85 4
+1 2
+3 1
+2 1
-2 3
+2 2
+3 2
-50 2
+1 1
+6 3
+2 1
+3 3
+16 2
+1 1
+2 2
+81 2
+1 2
+4 2
30 2
+4 1
-4 1
+5 1
-1 1
+2 1
-1 1
+1 1
-2 1
+1 1
+1 1
+1 1
-7 2
+3 1
+4 1
+5 1
+32 2
-32 1
+27 1
+5 1
+3 1
+1 7
+57 2
-66 2
+44 2
314 2

fl=(19)
fn=(54)
144 184
+1 184
+2 184
+1 184
+21 184
+1 184
+1 145
+1 145
+1 121
+1 121
+1 121
+1 121
+21 121
+1 121
+1 121
+1 121
+1 121
+1 121
+1 121
+5 5
+1 5
+9 5
+1 5
+1 5
+1 5
+1 5
+1 5
+1 5
+1 5
-7 63
+1 63
+1 63
+1 63
+1 63
+1 63
+1 63
+1 63
+1 67
+1 56
+1 56
+1 56
+2 56
+1 56
+1 56
+1 56
+1 56
+1 56
-5 11
+1 11
+1 11
+1 11
+1 11
+1 11
+10 1
+1 1
+1 1
+2 1
+6 1
+1 1
+1 1
+1 1
+1 1
+5 1
1071 16
+1 16
+1 16
+1 16
+1 16
+2 16
+1 16
+1 16
+1 16
+1 16
+1 16
+1 16
+1 1
+4 1
+1 1
+1 1
+6 1
+1 1
+1 2
+4 1
+1 1
+3 1
+1 1
+1 1
+3 1
+1 1
+1 1
+6 1
+1 1
+1 1
+1 1
+1 1
+1 1
+72 4
+1 4
+1 4
+1 4
+1 4
+2 4
+1 4
+1 4
+1 4
+1 4
+1 4
+1 4
1321 18
+1 18
+1 18
+1 18
+1 18
+2 18
+1 18
+1 18
+1 18
+1 18
+1 18
+1 18
1571 2
+1 2
+1 2
+1 2
+1 2
+2 2
+1 2
+1 2
+1 2
+1 2
+1 2
+1 2
+1 1
+4 1
+1 1
+1 1
+6 1
+1 1
+1 2
+4 1
+1 1
+3 1
+1 1
+1 1
+3 1
+1 1
+1 1
+6 1
+1 1
+1 1
+1 1
+1 1
+1 1
+72 2
+1 2
+1 2
+1 2
+1 2
+2 2
+1 2
+1 2
+1 2
+1 2
+1 2
+1 2
1821 5
+1 5
+1 5
+1 5
+1 5
+2 5
+1 5
+1 5
+1 5
+1 5
+1 5
+1 5
+1 3
+4 3
+1 3
+1 3
+6 3
+1 3
+1 6
+4 3
+1 3
+3 3
+1 3
+1 3
+3 3
+1 3
+1 3
+6 3
+1 3
+1 3
+1 3
+1 3
+1 3
+72 1
+1 1
+1 1
+1 1
+1 1
+2 1
+1 1
+1 1
+1 1
+1 1
+1 1
+1 1
+1 1
+4 1
+1 1
+1 1
+6 1
+1 1
+1 2
+4 1
+1 1
+3 1
+1 1
+1 1
+3 1
+1 1
+1 1
+6 1
+1 1
+1 1
+1 1
+1 1
+1 1
+72 19
+1 19
+1 19
+1 19
+1 19
+2 19
+1 19
+1 19
+1 19
+1 19
+1 19
+1 19
2200 6
+2 6
+1 6
+1 6
+1 6
-3 62
+1 62
+1 62
+1 62
+1 168
+5 56
+6 56
+1 56
+8 56
+1 56
-16 128
+6 128
+1 128
+8 128
+1 128

fl=(29)
fn=(90)
74 2

fn=(86)
50 8
+5 6
+5 2
-1 1
+1 2
+1 2
-1 1
+4 1
-13 4
+4 8
+4 1
-1 1
-58 4

fl=(32)
fn=(150)
205 10
+1 1
cfi=(2)
cfn=(98)
calls=1 664 
* 2
+5 1
-1 1
-4 1
+9 1
+2 1
-3 1
+3 1
cfi=(2)
cfn=(152)
calls=1 529 
* 2749
+2 1
+1 1
+1 8

fn=(96)
163 6
+15 3
-3 6
+1 6
-13 6
+14 6
+1 3
+2 3
cfi=(2)
cfn=(98)
calls=3 664 
* 6
+2 3
-1 3
+4 3
-3 6
+3 3
-4 3
+4 3
cfi=(33)
cfn=(100)
calls=3 26 
* 60
* 9
+2 9
cfi=(41)
cfn=(136)
calls=2 60 
* 5912
cfi=(2)
cfn=(102)
calls=1 496 
* 2372
+1 6
+2 3
+1 3
-3 3
+1 6
+1 3
+9 3
-8 3
+8 9

fl=(45)
fn=(166)
149 40
+15 4
-15 8
+15 4
+1 24
+6 8
+6 12
-18 8
+22 8
+7 4
-32 4
+32 4
+44 4
fi=(5)
76 12
fe=(45)
232 8
fi=(5)
76 12
+6 6
+4 9
+14 3
-8 3
+8 6
+20 6
+4 12
-2 3
+9 12
fe=(45)
258 164
-98 18
fi=(5)
303 24
fe=(45)
-45 3
fi=(4)
58 3
-10 3
-1 6
+11 3
-11 3
+11 3
fe=(45)
258 1
-98 6
fi=(5)
303 8
fe=(45)
-45 1
fi=(4)
58 1
-10 1
-1 2
+11 1
-11 1
+11 1
fe=(45)
258 4
fi=(4)
58 4
-10 4
-1 8
+11 4
-11 4
+11 4
+3 15
fi=(5)
530 24
+4 24
+2 36
+1 12
fi=(4)
61 57
+2 80
+2 26
-4 3
+13 6
+1 5
+1 16
fi=(5)
530 8
+26 8
fi=(4)
75 8
fi=(5)
556 16
cob=(3)
cfi=(53) ???
cfn=(198) memcpy@GLIBC_2.2.5
calls=1 0 
* 11
cob=(3)
cfi=(52) /build/glibc-e6zv40/glibc-2.23/time/../sysdeps/unix/sysv/linux/x86/gettimeofday.c
cfn=(194) gettimeofday
calls=1 37 
* 66
cob=(3)
cfi=(51) /build/glibc-e6zv40/glibc-2.23/string/../sysdeps/x86_64/multiarch/strspn.S
cfn=(192) strspn
calls=1 30 
* 6
cob=(3)
cfi=(50) /build/glibc-e6zv40/glibc-2.23/string/../sysdeps/x86_64/multiarch/strcspn.S
cfn=(190) strpbrk
calls=1 45 
* 6
cob=(3)
cfi=(46) /build/glibc-e6zv40/glibc-2.23/string/../sysdeps/x86_64/multiarch/strcmp.S
cfn=(188) strncasecmp
calls=1 129 
* 5
cob=(3)
cfi=(50)
cfn=(186) strcspn
calls=1 45 
* 6
cob=(3)
cfi=(47)
cfn=(180)
calls=1 38 
* 66
cob=(3)
cfi=(46)
cfn=(178) strcasecmp
calls=1 109 
* 5
fi=(4)
75 8
fi=(5)
557 8
fi=(4)
75 11
fe=(45)
258 2
fi=(4)
75 14
fe=(45)
258 14
+3 16
+24 4
+3 8
+17 12
+2 32
fi=(4)
84 5
-1 5
+3 10
-3 5
+3 5
+12 15
+10 6
+3 8
fi=(5)
514 2
fi=(4)
112 4
fi=(5)
514 1194
fi=(4)
112 2380
fi=(5)
514 2380
+5 2384
+1 2384
fi=(4)
111 2384
fi=(5)
520 1192
fi=(4)
111 1192
+7 15
+6 4
-3 8
+3 10
fi=(5)
449 9
fi=(4)
127 368
+9 184
+3 92
-3 92
+3 92
fi=(5)
271 92
fi=(4)
138 92
-2 92
+1 368
fi=(5)
271 92
+21 184
+4 184
+7 1755
fi=(4)
137 75
fi=(5)
303 150
fi=(4)
137 75
fi=(5)
303 75
fi=(4)
137 75
fi=(5)
303 1200
cfi=(6)
cfn=(172)
calls=75 806 
* 41832
* 600
+2 234
+3 90
-3 180
+3 270
+6 552
fe=(45)
178 8
fi=(5)
437 234
fi=(4)
124 282
+19 6
fi=(5)
303 54
fi=(4)
108 3
fi=(5)
409 42
+4 70
+14 70
fe=(45)
313 20
+3 4
-3 8
+3 4
+4 8
+1 16
cfi=(39)
cfn=(126)
calls=4 84 
* 20
* 12
-63 3
fi=(4)
129 8
fi=(5)
303 87
fi=(4)
160 7
+2 20
+8 10
+1 5
-1 5
+1 5
fi=(5)
271 5
fi=(4)
170 15
fi=(5)
271 5
+21 10
+4 10
+7 180
cfi=(6)
cfn=(172)
calls=5 806 
* 2409
* 35
+2 15
+3 1
-3 2
+3 3
+6 30
437 15
fi=(4)
160 17
+14 2
fi=(5)
303 6
fe=(45)

fl=(30)
fn=(200)
890 3
+9 1
-9 1
+6 2
+8 5
+41 1
+1 3
+1 4

fn=(148)
49 1
+3 4
+48 1
+4 2

fn=(88)
115 2
+1 2

fn=(164)
354 3
+2 1
+11 3
cfi=(17)
cfn=(44)
calls=1 52 
* 76
* 1
+1 2
+7 2
+4 1
-57 1
+57 296
-58 2
+1 2
cfi=(17)
cfn=(36)
calls=1 103 
* 38
* 1
+1 2
+3 1
+6 2
+64 5

fn=(162)
138 7
+6 3
+3 2
+36 3
+2 10
+3 1
-1 1
+5 2
-5 3
+3 3
+2 5
+16 3
+2 2
-2 2
+2 2
+10 1
-37 2
+25 1
-25 4
+40 4
+1 1
+51 1
+1 8

fn=(202)
450 2
-1 7
+5 1
+6 3
-6 1
+6 1
-4 1
+16 1
-15 3
+20 6
+6 16
+3 1
+1 2
+6 3
+3 1
-2 2
+2 4
+1 1
+3 1
-1 3
+4 2
+1 4
+2 2
+9 6
cfi=(25)
cfn=(70)
calls=1 61 
* 23
* 4
cfi=(26)
cfn=(72)
calls=1 53 
* 30
* 2
-38 3
+52 2
+2 1
+1 8

fl=(36)
fn=(120)
34 3
-1 3
+1 3
+1 18
+4 3

fl=(42)
fn=(140)
34 4
-1 4
+1 4
+1 24
+4 1
-4 12

fl=(43)
fn=(142)
185 9
+8 2
+3 3
+51 2
+9 1
+6 2
-6 4
+6 1
cfi=(24)
cfn=(68)
calls=1 84 
* 9
+19 1
-19 1
+19 140
cfn=(146) _dl_cache_libcmp
calls=9 138 
* 656
* 46
-15 4
+15 37
cfn=(146)
calls=2 138 
* 215
* 5
cfn=(146)
calls=1 138 
* 144
* 11
-82 4
cfi=(34)
cfn=(144)
calls=1 45 
* 94
+8 1
-8 1
+8 4
+1 4
cfi=(14)
cfn=(30)
calls=1 24 
* 38
* 2
+7 1
-3 1
+3 3
+3 1
+1 2
-1 1
+1 1
+1 4
cfi=(14)
cfn=(30)
calls=1 24 
* 32
* 2
+61 31
+16 2
+4 2
+8 3
cfi=(11)
cfn=(22)
calls=1 66 
* 34
* 2
+1 1
-1 4
+1 2
cfi=(18)
cfn=(46)
calls=1 61 
* 91
+1 2
cfi=(28)
cfn=(80)
calls=1 40 
* 109
+1 8
-31 9

fn=(146)
138 36
+1 30
+2 136
+2 68
-2 68
+2 6
+6 3
+2 3
-1 3
-1 3
+1 3
+1 12
+2 15
+2 6
+6 130
+2 242
+4 56
+1 56
-29 112
+32 9
-7 18

fn=(206)
322 4
-1 1
+3 2
cfi=(39)
cfn=(208)
calls=1 84 
* 5
+1 1
+2 2

ob=(3)
fl=(100) /build/glibc-e6zv40/glibc-2.23/posix/../sysdeps/unix/sysv/linux/_exit.c
fn=(452) _Exit
27 2
+4 1
+2 2

fl=(61) /build/glibc-e6zv40/glibc-2.23/ctype/ctype-info.c
fn=(238) __ctype_init
31 5
+2 1
+2 1
-4 1
+4 1
-4 1
+2 3
+2 3

fl=(81) /build/glibc-e6zv40/glibc-2.23/libio/filedoalloc.c
fn=(322) _IO_file_doallocate
95 5
+15 6
cfi=(79) /build/glibc-e6zv40/glibc-2.23/libio/fileops.c
cfn=(324) _IO_file_stat
calls=1 1229 
* 14
* 2
+2 4
+11 3
+4 2
cob=(2)
cfi=(16)
cfn=(328)
calls=1 0 
* 59223
* 1
+2 1
-1 2
+2 4
cfi=(80) /build/glibc-e6zv40/glibc-2.23/libio/genops.c
cfn=(360) _IO_setb
calls=1 380 
* 18
+1 1
+1 5
-15 1
-2 9
+5 2

fl=(89) /build/glibc-e6zv40/glibc-2.23/misc/sbrk.c
fn=(356) sbrk
34 2
+8 2
-8 6
+8 9
+4 4
+4 6
+12 5
-19 2
cfi=(90) /build/glibc-e6zv40/glibc-2.23/misc/../sysdeps/unix/sysv/linux/x86_64/brk.c
cfn=(358) brk
calls=1 -12 
* 12
* 4
+15 2
cfi=(90)
cfn=(358)
calls=1 -27 
* 12
* 2
+4 5

fl=(75) /build/glibc-e6zv40/glibc-2.23/stdlib/random_r.c
fn=(304) random_r
357 1292
+5 323
-2 323
+2 646
+9 323
+1 323
+1 323
+3 646
+3 323
-3 323
+2 323
+2 323
-2 323
+5 323
-3 323
-20 313
+31 313
-31 313
+34 313
-2 626
-32 10
+32 10
-1 10
+3 20

fn=(390) srandom_r
162 4
+8 2
+2 1
+1 2
+3 1
+2 3
+3 1
-1 1
+1 1
+5 1
+1 1
+7 1
-7 1
-1 1
+1 2
+7 12
+2 3
+1 1
-10 3
+7 348
+2 87
+1 29
-10 87
+13 2
+1 2
-1 2
+2 1
+1 4
+3 2
-3 1
+3 1
cfn=(304)
calls=1 357 
* 26
* 618
-3 309
+3 309
cfn=(304)
calls=309 357 
* 8024
-3 620
+7 1
+4 5

fl=(90)
fn=(358)
31 16
+8 2
-6 4
+7 2

fl=(51)
fn=(192)
30 1
+1 1
+1 1
+1 1
+1 1
+1 1

fl=(80)
fn=(448) _IO_default_setbuf
522 4
+1 1
-1 2
+1 1
cfi=(79)
cfn=(450) _IO_file_sync@@GLIBC_2.2.5
calls=1 868 
* 13
* 2
+9 1
-7 1
+7 1
-7 1
388 1
-5 1
+1 1
+4 1
535 1
+2 1
-2 2
+1 3
+2 4
381 1
527 1
+1 1
-1 1
+1 1
381 4

fn=(320) _IO_doallocbuf
395 2
-1 3
+3 4
+1 3
cfi=(81)
cfn=(322)
calls=1 95 
* 59303
* 2
+3 4

fn=(442) _IO_cleanup
948 2
+3 1
-3 2
-50 1
+50 1
+3 1
cfn=(444) _IO_flush_all_lockp
calls=1 760 
* 212
-63 1
+63 1
-63 2
+10 3
+8 5
+2 2
+2 1
+1 1
-1 1
+2 2
+3 5
cfi=(79)
cfn=(446) _IO_file_setbuf@@GLIBC_2.2.5
calls=1 450 
* 66
+2 3
+4 2
+7 3
-40 9
+2 6
+2 7
+6 12
+65 7
-42 3
+1 8

fn=(360)
380 3
+1 4
+3 1
+2 4
-3 1
+3 2
+3 3

fn=(444)
760 8
+6 3
+11 2
+16 2
-17 2
-1 2
+1 3
-1 1
+1 1
+3 9
+7 4
cfi=(79)
cfn=(318) _IO_file_overflow@@GLIBC_2.2.5
calls=1 +22 
* 116
+1 3
+2 6
+4 3
-2 3
+2 6
+7 3
-27 6
+31 2
+2 2
+4 9
-38 1
-6 1
+5 1
+2 2
+6 11

fn=(364) _IO_default_xsputn
425 14
-3 70
+8 72
+25 91
cfi=(79)
cfn=(318)
calls=11 808 
* 363
* 22
+2 11
-2 22
+4 7
+1 7
-1 7
+1 35

fl=(46)
fn=(178)
109 1
+1 1
+1 1
+1 1
+10 1

fn=(188)
129 1
+1 1
+1 1
+1 1
+10 1

fl=(95) /build/glibc-e6zv40/glibc-2.23/stdlib/exit.c
fn=(400) exit
104 1
-1 1
+1 2
cfn=(402) __run_exit_handlers
calls=1 -69 
* 1015

fn=(402)
35 8
+5 1
cfi=(96) /build/glibc-e6zv40/glibc-2.23/stdlib/cxa_thread_atexit_impl.c
cfn=(404) __call_tls_dtors
calls=1 145 
* 11
* 1
+6 8
+4 6
+3 1
-1 1
+2 5
+33 1
+1 1
-1 1
+1 1
+6 2
+1 5
cfi=(80)
cfn=(442)
calls=1 948 
* 370
* 3
+2 2
cfi=(100)
cfn=(452)
calls=1 -70 
* 5
-19 1
+4 1
-4 1
+2 1
+2 1
-2 2
+2 1
cob=(1)
cfi=(97)
cfn=(406)
calls=1 +48 
* 573
+1 1

fl=(74) /build/glibc-e6zv40/glibc-2.23/stdlib/random.c
fn=(388) srand
209 2
+1 6
+1 3
cfi=(75)
cfn=(390)
calls=1 -49 
* 10520
+1 4
+1 2

fn=(302) random
288 13
+3 78
+2 39
cfi=(75)
cfn=(304)
calls=13 +64 
* 338
+2 52
+2 13
+1 26

fl=(86) /build/glibc-e6zv40/glibc-2.23/elf/dl-addr.c
fn=(338) _dl_addr
126 9
+5 1
-5 2
+5 2
cob=(1)
cfi=(2)
cfn=(50)
calls=1 704 
* 2
+2 2
cob=(1)
cfi=(66)
cfn=(261)
calls=1 -62 
* 1180
* 5
+2 2
30 1
+1 1
-1 1
+1 1
+3 2
+5 1
+6 1
-7 1
+2 2
+2 1
-2 1
+2 1
+3 1
+5 8
+2 1
+1 2
-1 1010
+1 2020
+2 3628
+9 2010
+7 24
-2 24
+2 2259
-2 2211
+2 5750
-10 11175
+2 8940
+1 14318
+7 1011
-21 2022
+49 3
+1 1
+1 3
+3 2
+37 2
cob=(1)
cfi=(2)
cfn=(52)
calls=1 710 
* 2
+3 9
-28 1
+1 1
+21 2

fl=(96)
fn=(404)
145 3
+1 4
+18 4

fl=(47)
fn=(382) __time_syscall
30 2
+1 1

fn=(180)
38 2
-1 2
+1 12
fi=(48) /build/glibc-e6zv40/glibc-2.23/time/../sysdeps/generic/dl-hash.h
+10 6
+14 8
-17 6
+3 18
+14 24
-17 18
fe=(47)
-7 6
+3 4
-3 2
+3 2
cfi=(49) /build/glibc-e6zv40/glibc-2.23/elf/../sysdeps/unix/sysv/linux/dl-vdso.c
cfn=(184) _dl_vdso_vsym
calls=2 -14 
* 12
+1 6
+1 4

fl=(79)
fn=(446)
450 2
+1 1
cfi=(80)
cfn=(448)
calls=1 +71 
* 51
* 2
+4 2
-1 2
+2 3
+2 1
+1 2

fn=(316) _IO_file_xsputn@@GLIBC_2.2.5
1287 6026
-1 12052
-6 40250
+13 16100
+17 4
+4 4042
+5 16096
cfi=(92) /build/glibc-e6zv40/glibc-2.23/string/../sysdeps/x86_64/memcpy.S
cfn=(368) __GI_mempcpy
calls=4024 61 
* 79636
* 4024
+6 4024
-1 4024
+1 8048
+2 8048
+27 8050
+1 34201
-24 5
cfn=(318)
calls=1 808 
* 59375
* 2
+6 20
+1 30
+2 30
+11 20
+1 28
cfi=(80)
cfn=(364)
calls=7 425 
* 721
* 14
-57 12072
+1 8048
+3 12054
+2 23487
-2 23680
+39 40
-35 3
+11 15
+17 36
cfn=(318)
calls=9 808 
* 1044
* 18

fn=(318)
808 66
+7 22
-8 110
+8 106
+35 44
+3 22
+3 33
+1 33
+1 44
+4 11
+1 44
-45 2
+12 2
+9 4
+8 1
-4 1
+3 2
-2 2
-3 1
+1 2
+5 1
-1 1
+1 3
+1 2
+3 22
+12 33
-12 11
cfn=(362) _IO_do_write@@GLIBC_2.2.5
calls=11 494 
* 944
-31 2
cfi=(80)
cfn=(320)
calls=1 395 
* 59321
+1 6

fn=(370) _IO_file_write@@GLIBC_2.2.5
1258 10
-2 60
+2 40
+4 20
+1 20
+10 30
+3 60
-13 40
cfi=(93) /build/glibc-e6zv40/glibc-2.23/io/../sysdeps/unix/syscall-template.S
cfn=(372) write
calls=10 84 
* 70
+1 20
+5 10
+1 10
-12 50

fn=(324)
1229 1
+1 3
cfi=(82) /build/glibc-e6zv40/glibc-2.23/io/../sysdeps/unix/sysv/linux/wordsize-64/fxstat.c
cfn=(326) _fxstat
calls=1 34 
* 10

fn=(450)
868 1
+5 1
-5 1
+5 3
+2 1
+1 2
+17 2
+4 2

fn=(362)
494 33
+1 1
-3 80
+11 20
+7 40
+8 50
cfn=(370)
calls=10 1258 
* 440
* 10
+1 50
+6 10
-4 10
+4 10
-4 30
+1 20
+3 10
-2 10
-29 40
+1 60
+29 20

fl=(76)
fn=(310)
28 16112
+4 2014
+1 4028
-1 10070
+1 6042
cfi=(77) /build/glibc-e6zv40/glibc-2.23/stdio-common/vfprintf.c
cfn=(312) vfprintf
calls=2014 1236 
* 1212159
+4 4028

fl=(93)
fn=(372)
84 20
cfn=(374) __write_nocancel
calls=10 * 
* 50

fn=(374)
84 50

fl=(92)
fn=(368)
61 4024
+4 4024
+3 4024
+1 4024
+2 3820
+1 3820
+2 3820
+1 3820
+5 3820
+1 3820
-1 204
+1 204
+2 2000
+1 2000
+2 2000
+1 2000
+5 2000
+1 2000
-1 2024
+1 2024
+2 5
+1 5
+2 5
+1 5
+5 5
+1 5
-1 4019
+1 4019
+11 4024
+1 4024
+21 4024
+4 4024

fl=(52)
fn=(194)
37 1
-1 1
+1 6
fi=(48)
+11 3
+14 4
-17 3
+3 9
+14 12
-17 9
fe=(52)
-8 3
+3 2
-3 1
+3 1
cfi=(49)
cfn=(184)
calls=1 -13 
* 6
+1 3
+1 2

fl=(49)
fn=(184)
27 10
+4 10
-3 10

fl=(73)
fn=(300)
26 13
+1 13
cfi=(74)
cfn=(302)
calls=13 288 
* 559
+1 26

fl=(88) /build/glibc-e6zv40/glibc-2.23/malloc/morecore.c
fn=(354) __default_morecore
46 2
+1 2
cfi=(89)
cfn=(356)
calls=2 -13 
* 73
+1 6
+4 4

fl=(53)
fn=(198)
0 11

fl=(60) /build/glibc-e6zv40/glibc-2.23/string/../sysdeps/x86_64/strrchr.S
fn=(236) rindex
24 1
+1 1
+1 1
+1 1
+1 1
+1 1
+1 1
+1 1
+1 1
+1 1
+1 1
+1 1
+1 1
+1 1
+1 1
+1 1
+1 1
+1 1
+1 1
+1 1
+1 1
+1 1
+1 1
+1 1

fl=(62)
fn=(242) handle_intel
262 4
-1 4
+17 2
-17 12
+14 2
+1 4
-3 6
+23 8
cfn=(244) intel_check_word
calls=2 133 
* 666
+1 4
+3 10
cfn=(244)
calls=2 133 
* 238
+1 4
-17 4
+5 2
-5 6
+5 2
+2 2
+1 2
-1 4
+27 16

fn=(244)
133 8
+6 4
-7 20
+7 16
-7 4
+7 4
+2 4
-2 4
+2 4
+68 8
+3 24
-69 4
+2 8
-2 6
+2 12
+8 20
+51 16
+22 8
fi=(63) /build/glibc-e6zv40/glibc-2.23/string/../bits/stdlib-bsearch.h
27 8
+1 16
+3 16
+1 8
fe=(62)
+89 16
fi=(63)
-90 12
+1 6
fe=(62)
+89 12
+3 54
fi=(63)
-95 44
+2 44
-2 44
+2 80
+1 40
fe=(62)
+89 80
251 8
141 16
-6 2
256 24
fi=(63)
37 10
-8 24
fe=(62)
165 6
+3 6
+4 4
+2 4
+1 14
+2 7
-12 2
+12 2
+1 10
+1 10
+1 6
+17 3
-32 9
+3 9
+4 6
+2 6
+1 12
+2 12
+5 2
+2 4
+2 32

fn=(240)
482 2
+12 1
-12 3
+12 3
+2 4
cfn=(242)
calls=1 262 
* 455
+4 2
-4 1
+4 1
cfn=(242)
calls=1 262 
* 547
+2 1
-2 1
-1 1
+3 1
+9 2
+2 1
+1 1
+2 1
+5 2
+9 4
-9 4
+9 16
-9 12
+6 8
+69 4
+1 5
+55 2
+2 1
+1 1
+2 1
-3 1
+5 1
-5 1
+4 3
+4 2
+2 1
+1 1
+2 1
-3 1
+5 1
-5 1
+4 2
+3 1
-3 1
+3 5
532 1
+32 1
-26 6
+7 5
+2 1
+1 1
+1 2
-4 4
+2 1
+1 1
+1 6
+2 2
-6 2
+6 2
+5 1
+2 2
+1 1
-1 1
+1 3
+6 1
-1 1
+1 5

fl=(77)
fn=(312)
1236 16112
+31 6042
+8 6043
+4 10070
+11 10070
+11 2014
fi=(102) /build/glibc-e6zv40/glibc-2.23/stdio-common/printf-parse.h
108 6042
fe=(77)
1316 2014
-15 10070
fi=(102)
108 2014
cfi=(78) /build/glibc-e6zv40/glibc-2.23/string/../sysdeps/x86_64/strchr.S
cfn=(314) strchrnul
calls=2014 -84 
* 40280
fe=(77)
1316 2014
fi=(102)
108 2014
fe=(77)
1312 2014
+4 4028
+4 16112
cfi=(79)
cfn=(316)
calls=2014 -33 
* 68651
* 8056
1685 10070
+3 2014
+1 16112
1275 4026
+41 12084
+1 28196
1685 10070
+1 4028
1320 4028
+4 2014
-4 2014
+4 4028
+4 24036
1552 4006
-21 4006
1632 4006
-1 4006
1370 30090
-7 2006
-1 2006
-3 2006
-1 2006
+8 2006
+4 2006
-3 2006
-10 2006
-1 2006
-1 2006
-1 2006
-1 2006
+14 2006
-15 2006
-1 2006
-1 2006
-1 2006
+18 4012
1649 2006
+2 4012
+8 2006
fi=(102)
108 4012
fe=(77)
1659 2006
fi=(102)
108 2006
fe=(77)
1659 2006
fi=(102)
108 4012
cfi=(78)
cfn=(314)
calls=2006 -84 
* 40120
fe=(77)
1663 2006
-4 2006
+4 22066
cfi=(79)
cfn=(316)
calls=2006 1287 
* 144864
* 26078
+2 6015
-34 118338
cfi=(79)
cfn=(316)
calls=2006 1287 
* 171852
* 20060
+1 4012
-1 24072
cfi=(91) /build/glibc-e6zv40/glibc-2.23/stdio-common/_itoa.c
cfn=(366) _itoa_word
calls=2006 168 
* 89688
* 98308

fl=(98)
fn=(428)
31 4
+17 1
-17 4
+4 4
+4 6
-4 3
+32 4
+4 6
-4 3
+12 2
+3 1
-2 1
+2 6
-2 1
cfi=(99) /build/glibc-e6zv40/glibc-2.23/nptl/unregister-atfork.c
cfn=(430) __unregister_atfork
calls=1 -52 
* 10

fl=(83)
fn=(330)
2909 3
+5 2
+1 2
+1 1
+20 3
-20 1
cfi=(84) /build/glibc-e6zv40/glibc-2.23/malloc/hooks.c
cfn=(332) malloc_hook_ini
calls=1 29 
* 59210

fn=(350) malloc_consolidate
4151 2
5010 4
1815 3
-3 2
+3 378
-3 252
+7 3
+5 1
+2 1
-2 2
-1 3

fn=(348) _int_malloc
3326 5
+30 1
-30 2
+30 9
+4 4
+14 2
+37 2
+44 4
+1 2
+1 2
cfn=(350)
calls=1 4151 
* 651
3826 14
-2 1
+2 1
-2 1
+2 2
5016 1
3824 1
+2 1
5018 1
3826 1
5018 1
3826 3
5018 2
3826 4
5016 2
3476 5
3840 9
3610 2
+73 2
+1 2
+1 2
+1 2
+1 2
+5 2
+4 3
+3 4
-3 3
3799 1
+3 1
-2 2
+2 2
+17 2
3612 3
+3 1
-3 1
+3 3
3455 3
1886 4
3834 3
cfn=(352) sysmalloc
calls=1 2275 
* 249
+1 2

fn=(352)
2275 8
+20 1
+11 1
-11 1
+11 1
+1 5
fi=(85) /build/glibc-e6zv40/glibc-2.23/malloc/arena.c
488 3
fe=(83)
2322 5
+65 1
+1 3
+10 1
-9 1
+9 5
+6 4
+3 3
2730 2
+1 1
+8 4
+5 1
-3 1
+3 1
-2 1
+2 3
+1 1
-1 1
-1 1
+4 1
-3 2
+1 1
+8 9
2470 1
-8 4
+8 1
+21 5
cfi=(88)
cfn=(354)
calls=1 46 
* 62
* 1
+1 1
+3 4
+3 2
+1 2
+20 2
+26 2
+2 2
+6 1
-6 1
+6 1
2328 1
2471 1
+10 5
+8 1
-8 1
+8 1
+67 7
+37 2
+6 3
+19 1
+3 2
+1 5
+2 1
-2 1
+2 1
+1 3
cfi=(88)
cfn=(354)
calls=1 46 
* 25
+12 2
+8 1
+1 1
-1 2
+1 2
+39 1
+1 1
-2 1
+1 3
+12 1
-12 1
+1 1
+11 1
2546 5

fl=(56)
fn=(228)
52 8
+6 3
+14 1
fi=(58) /build/glibc-e6zv40/glibc-2.23/csu/../sysdeps/unix/sysv/linux/x86_64/init-first.c
-36 1
fe=(56)
+34 1
+1 1
fi=(58)
-35 3
fe=(56)
+36 1
fi=(58)
-36 3
fi=(57) /build/glibc-e6zv40/glibc-2.23/csu/../sysdeps/generic/dl-hash.h
+12 3
+14 4
-17 3
+3 9
+14 12
-17 9
fi=(58)
-9 3
+2 2
-2 1
+2 2
cfi=(49)
cfn=(184)
calls=1 -11 
* 6
+1 2
+5 2
-3 2
+1 1
+2 1
cfi=(49)
cfn=(184)
calls=1 -17 
* 6
fe=(56)
+42 3
fi=(58)
-41 2
+1 1
fe=(56)
+40 1
cfi=(59) /build/glibc-e6zv40/glibc-2.23/misc/init-misc.c
cfn=(234) __init_misc
calls=1 -55 
* 48
+8 1
cfi=(61)
cfn=(238)
calls=1 -63 
* 16
+5 6
-34 1
-7 1
+7 4
fi=(58)
-25 2
fe=(56)

fl=(59)
fn=(234)
31 2
-1 3
+1 4
+2 3
cfi=(60)
cfn=(236)
calls=1 -9 
* 24
+4 5
+1 3
+2 4

fl=(78)
fn=(314)
24 4020
+1 4020
+1 4020
+1 4020
+1 4020
+1 4020
+1 4020
+1 4020
+1 4020
+1 4020
+1 4020
+1 4020
+1 4020
+1 4020
+1 4020
+1 4020
+1 4020
+1 4020
+2 4020
+7 4020

fl=(99)
fn=(430)
28 4
+8 1
+3 2
+82 3

fl=(84)
fn=(332)
29 4
fi=(85)
260 1
fe=(84)
30 1
fi=(85)
260 1
fe=(84)
30 1
fi=(85)
260 1
fi=(83)
2918 7
+2 3
cfn=(348)
calls=1 3326 
* 1035
+3 1
-3 1
+3 1
+8 4
+2 11
fe=(84)
33 4
fi=(83)
2918 6
+12 1
cfi=(85)
cfn=(336) ptmalloc_init.part.5
calls=1 258 
* 58124
* 1
-15 2
fe=(84)

fl=(64)
fn=(248)
33 3
+1 1

fl=(70) /build/glibc-e6zv40/glibc-2.23/setjmp/../sysdeps/x86_64/bsd-_setjmp.S
fn=(286) _setjmp
30 1
+2 1
cfi=(71) /build/glibc-e6zv40/glibc-2.23/setjmp/../sysdeps/x86_64/setjmp.S
cfn=(288) __sigsetjmp
calls=1 -6 
* 28

fl=(71)
fn=(288)
26 1
+9 1
+1 2
+1 1
+4 1
+1 1
+1 1
+1 1
+1 1
+2 2
+2 1
+1 1
+1 1
+2 2
+2 1
+9 1
cfi=(72) /build/glibc-e6zv40/glibc-2.23/setjmp/sigjmp.c
cfn=(290) __sigjmp_save
calls=1 -36 
* 9

fl=(50)
fn=(190)
45 1
+1 1
+1 1
+1 1
+1 1
+1 1

fn=(186)
45 1
+1 1
+1 1
+1 1
+1 1
+1 1

fl=(82)
fn=(326)
34 1
-1 1
+1 1
+1 6
+4 1

fl=(72)
fn=(290)
28 1
+1 1
-1 2
+1 2
+5 3

fl=(68) /build/glibc-e6zv40/glibc-2.23/csu/../csu/libc-start.c
fn=(266) (below main)
134 7
+4 1
-4 3
+4 3
+82 1
-82 1
+82 1
+1 4
cfi=(69) /build/glibc-e6zv40/glibc-2.23/stdlib/cxa_atexit.c
cfn=(268) __cxa_atexit
calls=1 57 
* 60
+22 4
+3 2
+1 5
cob=(5)
cfi=(65)
cfn=(272)
calls=1 0 
* 56
+4 4
+15 2
+12 2
cfi=(70)
cfn=(286)
calls=1 30 
* 30
+1 2
+5 2
+1 2
+3 2
+3 6
cob=(5)
cfi=(65)
cfn=(292)
calls=1 0 
* 1312128
+34 2
cfi=(95)
cfn=(400)
calls=1 104 
* 1019
138 2

fl=(85)
fn=(336)
258 6
+13 1
-8 1
+8 1
+6 3
+2 5
+16 2
-56 69
-18 210
+2 138
+1 2
+1 2
340 2
+6 2
+1 2
+2 1
+1 7
-78 5
cfi=(86)
cfn=(338)
calls=1 126 
* 57659
* 2
+1 4

fl=(91)
fn=(366)
168 8024
+2 4020
+18 8
-8 196
-1 73436
+9 4004

fl=(69)
fn=(268)
57 5
-22 1
+22 1
-22 1
cfn=(270) __new_exitfn
calls=1 +38 
* 38
+2 2
+4 1
+3 1
+1 1
-4 2
+2 1
+4 1
+1 1
+11 4

fn=(270)
73 2
+6 1
-6 1
+6 1
-6 1
+6 4
+2 6
+2 3
-2 1
+10 2
-10 2
+45 1
+1 1
+3 4
+3 5
-21 1
+1 2

totals: 1404742
